0 0
1 0
1.99925 0.0386676
2.99778 0.0928372
3.99632 0.147007
4.99121 0.247885
5.98611 0.348764
6.98464 0.402934
-0.0541696 0.998532
0.94583 0.998532
1.94508 1.0372
2.94361 1.09137
3.94215 1.14554
4.93704 1.24642
5.93194 1.3473
6.93048 1.40147
-0.108339 1.99706
0.891661 1.99706
1.89091 2.03573
2.88944 2.0899
3.88798 2.14407
4.88288 2.24495
5.87777 2.34583
6.87631 2.4
-0.116276 2.99703
0.883724 2.99703
1.88298 3.0357
2.88151 3.08987
3.88004 3.14404
4.87494 3.24492
5.86984 3.3458
6.86837 3.39997
-0.170445 3.99556
0.829555 3.99556
1.82881 4.03423
2.82734 4.0884
3.82587 4.14257
4.82077 4.24345
5.81567 4.34433
6.8142 4.3985
-0.209113 4.99482
0.790887 4.99482
1.79014 5.03348
2.78867 5.08765
3.7872 5.14182
4.7821 5.2427
5.777 5.34358
6.77553 5.39775
-0.247781 5.99407
0.752219 5.99407
1.75147 6.03274
2.75 6.08691
3.74854 6.14107
4.74343 6.24195
5.73833 6.34283
6.73686 6.397
-0.255717 6.99404
0.744283 6.99404
1.74353 7.0327
2.74207 7.08687
3.7406 7.14104
4.7355 7.24192
5.7304 7.3428
6.72893 7.39697
