0 0
1 0
1.99925 0.0386767
2.99778 0.0928561
3.99631 0.147036
4.99121 0.247927
5.98611 0.348818
6.98464 0.402997
-0.0541795 0.998531
0.945821 0.998531
1.94507 1.03721
2.9436 1.09139
3.94213 1.14557
4.93703 1.24646
5.93193 1.34735
6.93046 1.40153
-0.108359 1.99706
0.891641 1.99706
1.89089 2.03574
2.88942 2.08992
3.88796 2.1441
4.88285 2.24499
5.87775 2.34588
6.87628 2.40006
-0.116303 2.99703
0.883697 2.99703
1.88295 3.03571
2.88148 3.08989
3.88001 3.14407
4.87491 3.24496
5.86981 3.34585
6.86834 3.40003
-0.170482 3.99556
0.829518 3.99556
1.82877 4.03424
2.8273 4.08842
3.82583 4.1426
4.82073 4.24349
5.81563 4.34438
6.81416 4.39856
-0.209159 4.99481
0.790841 4.99481
1.79009 5.03349
2.78862 5.08767
3.78716 5.14185
4.78205 5.24274
5.77695 5.34363
6.77548 5.39781
-0.247836 5.99407
0.752164 5.99407
1.75142 6.03274
2.74995 6.08692
3.74848 6.1411
4.74338 6.24199
5.73827 6.34288
6.7368 6.39706
-0.25578 6.99403
0.74422 6.99403
1.74347 7.03271
2.742 7.08689
3.74053 7.14107
4.73543 7.24196
5.73033 7.34285
6.72886 7.39703
