0 0
1 0
1.98882 -0.149105
2.98881 -0.143577
3.98879 -0.138049
4.90766 0.256513
5.82653 0.651075
6.82651 0.656603
-0.00552795 0.999985
0.994472 0.999985
1.98329 0.85088
2.98328 0.856408
3.98326 0.861936
4.90213 1.2565
5.821 1.65106
6.82099 1.65659
-0.0110559 1.99997
0.988944 1.99997
1.97777 1.85086
2.97775 1.85639
3.97773 1.86192
4.8966 2.25648
5.81547 2.65104
6.81546 2.65657
0.371815 2.92377
1.37182 2.92377
2.36064 2.77467
3.36062 2.78019
4.36061 2.78572
5.27948 3.18028
6.19834 3.57485
7.19833 3.58037
0.366288 3.92376
1.36629 3.92376
2.35511 3.77465
3.35509 3.78018
4.35508 3.78571
5.27395 4.18027
6.19282 4.57483
7.1928 4.58036
0.515393 4.91258
1.51539 4.91258
2.50421 4.76347
3.5042 4.769
4.50418 4.77453
5.42305 5.16909
6.34192 5.56365
7.34191 5.56918
0.664498 5.9014
1.6645 5.9014
2.65332 5.75229
3.6533 5.75782
4.65329 5.76335
5.57216 6.15791
6.49103 6.55247
7.49101 6.558
1.04737 6.8252
2.04737 6.8252
3.03619 6.6761
4.03618 6.68162
5.03616 6.68715
5.95503 7.08171
6.8739 7.47628
7.87388 7.4818
