0 0
1 0
1.99921 -0.0396231
2.99917 -0.0306762
3.99913 -0.0217292
4.99321 0.0869919
5.98728 0.195713
6.98724 0.20466
-0.00894691 0.99996
0.991053 0.99996
1.99027 0.960337
2.99023 0.969284
3.99019 0.978231
4.98426 1.08695
5.97833 1.19567
6.97829 1.20462
-0.0178938 1.99992
0.982106 1.99992
1.98132 1.9603
2.98128 1.96924
3.98124 1.97819
4.97531 2.08691
5.96939 2.19563
6.96935 2.20458
0.0831773 2.9948
1.08318 2.9948
2.08239 2.95518
3.08235 2.96412
4.08231 2.97307
5.07638 3.08179
6.07046 3.19051
7.07042 3.19946
0.0742304 3.99476
1.07423 3.99476
2.07345 3.95514
3.07341 3.96408
4.07337 3.97303
5.06744 4.08175
6.06151 4.19047
7.06147 4.19942
0.113853 4.99397
1.11385 4.99397
2.11307 4.95435
3.11303 4.9633
4.11299 4.97224
5.10706 5.08097
6.10113 5.18969
7.10109 5.19863
0.153477 5.99319
1.15348 5.99319
2.15269 5.95357
3.15265 5.96251
4.15261 5.97146
5.14668 6.08018
6.14076 6.1889
7.14072 6.19785
0.254548 6.98807
1.25455 6.98807
2.25376 6.94844
3.25372 6.95739
4.25368 6.96634
5.24775 7.07506
6.24183 7.18378
7.24179 7.19273
