0 0
1 0
1.99998 -0.00654629
2.9999 -0.0189218
3.99983 -0.0312974
4.99242 0.0901533
5.98502 0.211604
6.98494 0.199228
0.0123755 0.999923
1.01238 0.999923
2.01235 0.993377
3.01228 0.981002
4.0122 0.968626
5.0048 1.09008
5.9974 1.21153
6.99732 1.19915
0.0247511 1.99985
1.02475 1.99985
2.02473 1.9933
3.02465 1.98093
4.02458 1.96855
5.01717 2.09
6.00977 2.21145
7.00969 2.19908
0.130495 2.99424
1.13049 2.99424
2.13047 2.98769
3.1304 2.97532
4.13032 2.96294
5.12292 3.08439
6.11552 3.20584
7.11544 3.19347
0.142871 3.99416
1.14287 3.99416
2.14285 3.98762
3.14277 3.97524
4.1427 3.96287
5.13529 4.08432
6.12789 4.20577
7.12781 4.19339
0.149417 4.99414
1.14942 4.99414
2.1494 4.9876
3.14932 4.97522
4.14924 4.96284
5.14184 5.0843
6.13444 5.20575
7.13436 5.19337
0.155963 5.99412
1.15596 5.99412
2.15594 5.98757
3.15587 5.9752
4.15579 5.96282
5.14839 6.08427
6.14098 6.20572
7.14091 6.19335
0.261707 6.98851
1.26171 6.98851
2.26169 6.98197
3.26161 6.96959
4.26153 6.95722
5.25413 7.07867
6.24673 7.20012
7.24665 7.18774
