0 0
1 0
1.99744 -0.0715571
2.99719 -0.0494783
3.99695 -0.0273994
4.99329 0.0580607
5.98963 0.143521
6.98939 0.1656
-0.0220788 0.999756
0.977921 0.999756
1.97536 0.928199
2.97511 0.950278
3.97487 0.972357
4.97121 1.05782
5.96755 1.14328
6.96731 1.16536
-0.0441577 1.99951
0.955842 1.99951
1.95328 1.92796
2.95304 1.95003
3.95279 1.97211
4.94913 2.05757
5.94547 2.14303
6.94523 2.16511
0.0387437 2.99607
1.03874 2.99607
2.03618 2.92451
3.03594 2.94659
4.03569 2.96867
5.03203 3.05413
6.02838 3.13959
7.02813 3.16167
0.0166649 3.99583
1.01666 3.99583
2.0141 3.92427
3.01386 3.94635
4.01361 3.96843
5.00996 4.05389
6.0063 4.13935
7.00605 4.16143
0.088222 4.99326
1.08822 4.99326
2.08566 4.92171
3.08541 4.94378
4.08517 4.96586
5.08151 5.05132
6.07785 5.13678
7.07761 5.15886
0.159779 5.9907
1.15978 5.9907
2.15722 5.91914
3.15697 5.94122
4.15673 5.9633
5.15307 6.04876
6.14941 6.13422
7.14917 6.1563
0.24268 6.98726
1.24268 6.98726
2.24012 6.9157
3.23987 6.93778
4.23963 6.95986
5.23597 7.04532
6.23231 7.13078
7.23207 7.15286
