0 0
1 0
1.99978 0.0208508
2.99895 -0.0198879
3.99812 -0.0606266
4.99328 0.0376658
5.98844 0.135958
6.98761 0.0952194
0.0407387 0.99917
1.04074 0.99917
2.04052 1.02002
3.03969 0.979282
4.03886 0.938543
5.03402 1.03684
6.02918 1.13513
7.02835 1.09439
0.0814774 1.99834
1.08148 1.99834
2.08126 2.01919
3.08043 1.97845
4.0796 1.93771
5.07476 2.03601
6.06991 2.1343
7.06908 2.09356
0.146432 2.99623
1.14643 2.99623
2.14621 3.01708
3.14538 2.97634
4.14455 2.9356
5.13971 3.03389
6.13487 3.13219
7.13404 3.09145
0.187171 3.9954
1.18717 3.9954
2.18695 4.01625
3.18612 3.97551
4.18529 3.93477
5.18045 4.03306
6.17561 4.13136
7.17478 4.09062
0.16632 4.99518
1.16632 4.99518
2.1661 5.01603
3.16527 4.97529
4.16444 4.93455
5.1596 5.03285
6.15476 5.13114
7.15393 5.0904
0.145469 5.99496
1.14547 5.99496
2.14525 6.01581
3.14442 5.97508
4.14359 5.93434
5.13875 6.03263
6.13391 6.13092
7.13308 6.09018
0.210424 6.99285
1.21042 6.99285
2.21021 7.0137
3.20938 6.97296
4.20855 6.93222
5.2037 7.03052
6.19886 7.12881
7.19803 7.08807
