0 0
1 0
1.99766 -0.06835
2.99764 -0.0617882
3.99762 -0.0552264
4.99721 -0.0267281
5.99681 0.00177023
6.99678 0.00833203
-0.0065618 0.999978
0.993438 0.999978
1.9911 0.931628
2.99108 0.93819
3.99106 0.944752
4.99065 0.97325
5.99024 1.00175
6.99022 1.00831
-0.0131236 1.99996
0.986876 1.99996
1.98454 1.93161
2.98452 1.93817
3.98449 1.94473
4.98409 1.97323
5.98368 2.00173
6.98366 2.00829
0.00225051 2.99984
1.00225 2.99984
1.99991 2.93149
2.99989 2.93805
3.99987 2.94461
4.99946 2.97311
5.99906 3.00161
6.99904 3.00817
-0.00431129 3.99982
0.995689 3.99982
1.99335 3.93147
2.99333 3.93803
3.99331 3.94459
4.9929 3.97309
5.99249 4.00159
6.99247 4.00815
0.0640387 4.99748
1.06404 4.99748
2.0617 4.92913
3.06168 4.93569
4.06166 4.94225
5.06125 4.97075
6.06084 4.99925
7.06082 5.00581
0.132389 5.99514
1.13239 5.99514
2.13005 5.92679
3.13003 5.93335
4.13001 5.93991
5.1296 5.96841
6.12919 5.99691
7.12917 6.00347
0.147763 6.99502
1.14776 6.99502
2.14542 6.92667
3.1454 6.93323
4.14538 6.9398
5.14498 6.96829
6.14457 6.99679
7.14455 7.00335
