0 0
1 0
1.99961 0.0280601
2.99894 -0.00835202
3.99828 -0.0447641
4.99827 -0.0409608
5.99827 -0.0371575
6.9976 -0.0735696
0.0364121 0.999337
1.03641 0.999337
2.03602 1.0274
3.03536 0.990985
4.03469 0.954573
5.03468 0.958376
6.03468 0.962179
7.03401 0.925767
0.0728242 1.99867
1.07282 1.99867
2.07243 2.02673
3.07177 1.99032
4.0711 1.95391
5.0711 1.95771
6.07109 1.96152
7.07043 1.9251
0.0784098 2.99866
1.07841 2.99866
2.07802 3.02672
3.07735 2.99031
4.07669 2.95389
5.07668 2.9577
6.07668 2.9615
7.07601 2.92509
0.114822 3.99799
1.11482 3.99799
2.11443 4.02606
3.11377 3.98964
4.1131 3.95323
5.11309 3.95703
6.11309 3.96084
7.11242 3.92443
0.0867619 4.9976
1.08676 4.9976
2.08637 5.02566
3.0857 4.98925
4.08504 4.95284
5.08503 4.95664
6.08503 4.96044
7.08436 4.92403
0.0587018 5.99721
1.0587 5.99721
2.05831 6.02527
3.05764 5.98886
4.05698 5.95244
5.05697 5.95625
6.05697 5.96005
7.0563 5.92364
0.0642875 6.99719
1.06429 6.99719
2.06389 7.02525
3.06323 6.98884
4.06257 6.95243
5.06256 6.95623
6.06255 6.96003
7.06189 6.92362
