0 0
1 0
2 -0.00316126
2.99994 -0.0135027
3.99989 -0.0235716
4.99821 -0.0815557
5.99653 -0.13954
6.99648 -0.149609
0.0100689 0.999949
1.01007 0.999949
2.01006 0.996788
3.01001 0.986447
4.00996 0.976378
5.00828 0.918394
6.00659 0.86041
7.00654 0.850341
0.0204103 1.9999
1.02041 1.9999
2.02041 1.99673
3.02035 1.98639
4.0203 1.97632
5.01862 1.91834
6.01694 1.86036
7.01689 1.85029
-0.016335 2.99922
0.983665 2.99922
1.98366 2.99606
2.98361 2.98572
3.98356 2.97565
4.98187 2.91766
5.98019 2.85968
6.98014 2.84961
-0.00626602 3.99917
0.993734 3.99917
1.99373 3.99601
2.99368 3.98567
3.99362 3.9756
4.99194 3.91761
5.99026 3.85963
6.99021 3.84956
-0.00310476 4.99916
0.996895 4.99916
1.99689 4.996
2.99684 4.98566
3.99679 4.97559
4.9951 4.91761
5.99342 4.85963
6.99337 4.84956
5.64938e-05 5.99916
1.00006 5.99916
2.00005 5.996
3 5.98566
3.99995 5.97559
4.99826 5.9176
5.99658 5.85962
6.99653 5.84955
-0.0366888 6.99848
0.963311 6.99848
1.96331 6.99532
2.96325 6.98498
3.9632 6.97491
4.96152 6.91693
5.95984 6.85894
6.95979 6.84888
