0 0
1 0
1.99978 0.0210723
2.99971 0.00945562
3.99964 -0.00216109
4.9939 -0.109176
5.98816 -0.21619
6.98809 -0.227807
0.0116167 0.999933
1.01162 0.999933
2.01139 1.021
3.01133 1.00939
4.01126 0.997771
5.00552 0.890757
5.99977 0.783742
6.99971 0.772126
0.0232334 1.99987
1.02323 1.99987
2.02301 2.02094
3.02294 2.00932
4.02288 1.9977
5.01713 1.89069
6.01139 1.78367
7.01132 1.77206
-0.0626379 2.99617
0.937362 2.99617
1.93714 3.01724
2.93707 3.00563
3.93701 2.99401
4.93126 2.887
5.92552 2.77998
6.92545 2.76836
-0.0510212 3.9961
0.948979 3.9961
1.94876 4.01718
2.94869 4.00556
3.94862 3.99394
4.94288 3.88693
5.93714 3.77991
6.93707 3.7683
-0.0720935 4.99588
0.927907 4.99588
1.92768 5.01695
2.92762 5.00534
3.92755 4.99372
4.92181 4.88671
5.91606 4.77969
6.916 4.76807
-0.0931658 5.99566
0.906834 5.99566
1.90661 6.01673
2.90654 6.00512
3.90648 5.9935
4.90073 5.88648
5.89499 5.77947
6.89492 5.76785
-0.179037 6.99197
0.820963 6.99197
1.82074 7.01304
2.82067 7.00142
3.82061 6.9898
4.81486 6.88279
5.80912 6.77578
6.80905 6.76416
