0 0
1 0
1.99732 0.0731652
2.99699 0.0475387
3.99666 0.0219122
4.98501 -0.130318
5.97335 -0.282549
6.97302 -0.308176
0.0256265 0.999672
1.02563 0.999672
2.02295 1.07284
3.02262 1.04721
4.02229 1.02158
5.01063 0.869353
5.99898 0.717123
6.99865 0.691496
0.051253 1.99934
1.05125 1.99934
2.04857 2.07251
3.04824 2.04688
4.04792 2.02126
5.03626 1.86902
6.02461 1.71679
7.02428 1.69117
-0.0932516 2.98885
0.906748 2.98885
1.90407 3.06201
2.90374 3.03639
3.90341 3.01076
4.89176 2.85853
5.8801 2.7063
6.87977 2.68067
-0.067625 3.98852
0.932375 3.98852
1.92969 4.06168
2.92937 4.03606
3.92904 4.01043
4.91738 3.8582
5.90573 3.70597
6.9054 3.68034
-0.14079 4.98584
0.85921 4.98584
1.85653 5.059
2.8562 5.03338
3.85587 5.00775
4.84422 4.85552
5.83256 4.70329
6.83223 4.67766
-0.213955 5.98316
0.786045 5.98316
1.78336 6.05632
2.78304 6.0307
3.78271 6.00507
4.77105 5.85284
5.7594 5.70061
6.75907 5.67498
-0.35846 6.97266
0.64154 6.97266
1.63886 7.04583
2.63853 7.0202
3.6382 6.99457
4.62655 6.84234
5.61489 6.69011
6.61456 6.66449
