0 0
1 0
1.99769 0.0679712
2.99766 0.0608253
3.99764 0.0536794
4.97547 -0.15571
5.9533 -0.365099
6.95328 -0.372245
0.00714593 0.999974
1.00715 0.999974
2.00483 1.06795
3.00481 1.0608
4.00478 1.05365
4.98261 0.844265
5.96045 0.634875
6.96042 0.627729
0.0142919 1.99995
1.01429 1.99995
2.01198 2.06792
3.01195 2.06077
4.01193 2.05363
4.98976 1.84424
5.96759 1.63485
6.96757 1.6277
-0.192624 2.97831
0.807376 2.97831
1.80506 3.04628
2.80504 3.03913
3.80501 3.03199
4.78284 2.8226
5.76068 2.61321
6.76065 2.60606
-0.185478 3.97828
0.814522 3.97828
1.81221 4.04625
2.81218 4.03911
3.81216 4.03196
4.78999 3.82257
5.76782 3.61318
6.7678 3.60604
-0.253449 4.97597
0.746551 4.97597
1.74424 5.04394
2.74421 5.03679
3.74419 5.02965
4.72202 4.82026
5.69985 4.61087
6.69983 4.60372
-0.32142 5.97366
0.67858 5.97366
1.67627 6.04163
2.67624 6.03448
3.67622 6.02734
4.65405 5.81795
5.63188 5.60856
6.63186 5.60141
-0.528336 6.95202
0.471664 6.95202
1.46935 7.01999
2.46933 7.01284
3.4693 7.00569
4.44713 6.79631
5.42497 6.58692
6.42494 6.57977
