0 0
1 0
1.98464 -0.174606
2.98461 -0.166536
3.98457 -0.158466
4.8726 0.301323
5.76063 0.761111
6.7606 0.769182
-0.00807027 0.999967
0.99193 0.999967
1.97657 0.825361
2.97654 0.833432
3.9765 0.841502
4.86453 1.30129
5.75256 1.76108
6.75253 1.76915
-0.0161405 1.99993
0.983859 1.99993
1.9685 1.82533
2.96847 1.8334
3.96843 1.84147
4.85646 2.30126
5.74449 2.76105
6.74446 2.76912
0.426626 2.89657
1.42663 2.89657
2.41126 2.72197
3.41123 2.73004
4.4112 2.73811
5.29923 3.19789
6.18726 3.65768
7.18722 3.66575
0.418556 3.89654
1.41856 3.89654
2.40319 3.72193
3.40316 3.73
4.40313 3.73807
5.29116 4.19786
6.17919 4.65765
7.17915 4.66572
0.593162 4.88118
1.59316 4.88118
2.5778 4.70657
3.57777 4.71464
4.57774 4.72271
5.46576 5.1825
6.35379 5.64229
7.35376 5.65036
0.767768 5.86582
1.76777 5.86582
2.75241 5.69121
3.75237 5.69928
4.75234 5.70735
5.64037 6.16714
6.5284 6.62693
7.52837 6.635
1.21053 6.76245
2.21053 6.76245
3.19517 6.58785
4.19514 6.59592
5.19511 6.60399
6.08314 7.06378
6.97116 7.52356
7.97113 7.53163
