0 0
1 0
1.99424 0.107197
2.99421 0.100039
3.99418 0.09183
4.96449 -0.150015
5.93481 -0.39186
6.93477 -0.400069
0.00820869 0.999966
1.00821 0.999966
2.00245 1.10716
3.00242 1.10001
4.00239 1.0918
4.9727 0.849951
5.94302 0.608106
6.94298 0.599898
0.0153667 1.99994
1.01537 1.99994
2.0096 2.10714
3.00958 2.09998
4.00955 2.09177
4.97986 1.84993
5.95017 1.60808
6.95014 1.59987
-0.243818 2.96577
0.756182 2.96577
1.75042 3.07297
2.75039 3.06581
3.75036 3.0576
4.72068 2.81575
5.69099 2.57391
6.69096 2.5657
-0.235609 3.96573
0.764391 3.96573
1.75863 4.07293
2.7586 4.06577
3.75857 4.05756
4.72888 3.81572
5.6992 3.57387
6.69917 3.56567
-0.342806 4.95997
0.657194 4.95997
1.65143 5.06717
2.65141 5.06001
3.65137 5.0518
4.62169 4.80996
5.592 4.56811
6.59197 4.5599
-0.450003 5.95421
0.549997 5.95421
1.54424 6.06141
2.54421 6.05425
3.54418 6.04604
4.51449 5.8042
5.48481 5.56235
6.48477 5.55414
-0.709188 6.92004
0.290812 6.92004
1.28505 7.02723
2.28502 7.02008
3.28499 7.01187
4.25531 6.77002
5.22562 6.52818
6.22559 6.51997
