0 0
1 0
1.9917 0.1286
2.99167 0.135631
3.99164 0.143818
4.94993 -0.141962
5.90823 -0.427742
6.9082 -0.419555
-0.00818753 0.999966
0.991812 0.999966
1.98351 1.12857
2.98348 1.1356
3.98345 1.14378
4.94175 0.858004
5.90004 0.572224
6.90001 0.580412
-0.0152184 1.99994
0.984782 1.99994
1.97648 2.12854
2.97645 2.13557
3.97642 2.14376
4.93472 1.85798
5.89301 1.5722
6.89298 1.58039
-0.340206 2.94566
0.659794 2.94566
1.65149 3.07426
2.65147 3.08129
3.65143 3.08948
4.60973 2.8037
5.56802 2.51792
6.56799 2.52611
-0.348394 3.94563
0.651606 3.94563
1.6433 4.07423
2.64328 4.08126
3.64324 4.08944
4.60154 3.80366
5.55984 3.51788
6.5598 3.52607
-0.476993 4.93732
0.523007 4.93732
1.5147 5.06592
2.51468 5.07295
3.51465 5.08114
4.47294 4.79536
5.43124 4.50958
6.4312 4.51777
-0.605593 5.92902
0.394407 5.92902
1.3861 6.05762
2.38608 6.06465
3.38605 6.07284
4.34434 5.78706
5.30264 5.50128
6.3026 5.50947
-0.930581 6.87474
0.0694193 6.87474
1.06112 7.00334
2.06109 7.01037
3.06106 7.01856
4.01935 6.73278
4.97765 6.447
5.97761 6.45518
