0 0
1 0
1.98796 0.154724
2.98789 0.166571
3.98782 0.178419
4.94005 -0.126949
5.89229 -0.432316
6.89222 -0.420469
-0.0118474 0.99993
0.988153 0.99993
1.97611 1.15465
2.97604 1.1665
3.97597 1.17835
4.9282 0.872981
5.88044 0.567614
6.88037 0.579461
-0.0236949 1.99986
0.976305 1.99986
1.96426 2.15458
2.96419 2.16643
3.96412 2.17828
4.91636 1.87291
5.86859 1.56754
6.86852 1.57939
-0.391159 2.9299
0.608841 2.9299
1.5968 3.08462
2.59673 3.09647
3.59666 3.10832
4.54889 2.80295
5.50113 2.49758
6.50106 2.50943
-0.403006 3.92983
0.596994 3.92983
1.58495 4.08455
2.58488 4.0964
3.58481 4.10825
4.53705 3.80288
5.48928 3.49751
6.48921 3.50936
-0.55773 4.91779
0.44227 4.91779
1.43023 5.07251
2.43016 5.08436
3.43009 5.0962
4.38232 4.79084
5.33456 4.48547
6.33449 4.49732
-0.712453 5.90574
0.287547 5.90574
1.2755 6.06047
2.27543 6.07231
3.27536 6.08416
4.2276 5.77879
5.17983 5.47343
6.17976 5.48527
-1.07992 6.83578
-0.0799173 6.83578
0.90804 6.9905
1.90797 7.00235
2.9079 7.0142
3.86013 6.70883
4.81237 6.40346
5.8123 6.41531
