0 0
1 0
1.9874 0.158255
2.9873 0.172621
3.98719 0.186923
4.9381 -0.122561
5.889 -0.432045
6.8889 -0.417743
-0.0143025 0.999898
0.985698 0.999898
1.9731 1.15815
2.97299 1.17252
3.97289 1.18682
4.92379 0.877337
5.8747 0.567852
6.8746 0.582155
-0.0286676 1.99979
0.971332 1.99979
1.95873 2.15805
2.95863 2.17242
3.95853 2.18672
4.90943 1.87723
5.86033 1.56775
6.86023 1.58205
-0.404246 2.92659
0.595754 2.92659
1.58315 3.08484
2.58305 3.09921
3.58295 3.11351
4.53385 2.80402
5.48476 2.49454
6.48465 2.50884
-0.418549 3.92648
0.581451 3.92648
1.56885 4.08474
2.56875 4.0991
3.56864 4.11341
4.51955 3.80392
5.47045 3.49444
6.47035 3.50874
-0.576804 4.91388
0.423196 4.91388
1.41059 5.07214
2.41049 5.0865
3.41039 5.1008
4.36129 4.79132
5.3122 4.48184
6.3121 4.49614
-0.73506 5.90128
0.26494 5.90128
1.25234 6.05953
2.25224 6.0739
3.25213 6.0882
4.20304 5.77872
5.15394 5.46923
6.15384 5.48354
-1.11064 6.82807
-0.110638 6.82807
0.87676 6.98633
1.87666 7.00069
2.87655 7.01499
3.82746 6.70551
4.77836 6.39602
5.77826 6.41033
