0 0
1 0
1.98743 0.158048
2.98728 0.175385
3.98713 0.192625
4.93726 -0.119233
5.88739 -0.431091
6.88724 -0.413851
-0.0172404 0.999851
0.98276 0.999851
1.97019 1.1579
2.97004 1.17524
3.96989 1.19248
4.92002 0.880618
5.87015 0.56876
6.87 0.586001
-0.034577 1.9997
0.965423 1.9997
1.95285 2.15775
2.9527 2.17509
3.95256 2.19233
4.90268 1.88047
5.85281 1.56861
6.85266 1.58585
-0.414833 2.92458
0.585167 2.92458
1.5726 3.08263
2.57245 3.09997
3.5723 3.11721
4.52243 2.80535
5.47256 2.49349
6.47241 2.51073
-0.432073 3.92443
0.567927 3.92443
1.55536 4.08248
2.55521 4.09982
3.55506 4.11706
4.50519 3.8052
5.45532 3.49334
6.45517 3.51058
-0.590122 4.91187
0.409878 4.91187
1.39731 5.06991
2.39716 5.08725
3.39701 5.10449
4.34714 4.79263
5.29727 4.48077
6.29712 4.49801
-0.74817 5.8993
0.25183 5.8993
1.23926 6.05734
2.23911 6.07468
3.23896 6.09192
4.18909 5.78006
5.13922 5.46821
6.13907 5.48545
-1.12843 6.82418
-0.128426 6.82418
0.859006 6.98223
1.85886 6.99956
2.85871 7.0168
3.80884 6.70494
4.75896 6.39309
5.75882 6.41033
