0 0
1 0
1.98784 0.155498
2.98762 0.176227
3.98741 0.196843
4.93731 -0.115712
5.88721 -0.428267
6.887 -0.407651
-0.0206159 0.999787
0.979384 0.999787
1.96722 1.15528
2.96701 1.17601
3.96679 1.19663
4.91669 0.884075
5.86659 0.57152
6.86638 0.592136
-0.0413452 1.99957
0.958655 1.99957
1.94649 2.15507
2.94628 2.1758
3.94606 2.19642
4.89596 1.88386
5.84586 1.57131
6.84565 1.59192
-0.423821 2.92354
0.576179 2.92354
1.56402 3.07904
2.5638 3.09976
3.56359 3.12038
4.51349 2.80783
5.46339 2.49527
6.46317 2.51589
-0.444437 3.92333
0.555563 3.92333
1.5434 4.07882
2.54318 4.09955
3.54297 4.12017
4.49287 3.80761
5.44277 3.49506
6.44256 3.51567
-0.599935 4.91116
0.400065 4.91116
1.3879 5.06666
2.38769 5.08739
3.38747 5.108
4.33737 4.79545
5.28727 4.48289
6.28706 4.50351
-0.755432 5.899
0.244568 5.899
1.2324 6.0545
2.23219 6.07522
3.23198 6.09584
4.18188 5.78329
5.13178 5.47073
6.13156 5.49135
-1.13791 6.82296
-0.137908 6.82296
0.849928 6.97846
1.84971 6.99919
2.8495 7.01981
3.7994 6.70725
4.7493 6.3947
5.74909 6.41531
