0 0
1 0
1.98889 0.148642
2.98858 0.173395
3.98828 0.198078
4.93908 -0.111725
5.88988 -0.421527
6.88958 -0.396845
-0.0246821 0.999695
0.975318 0.999695
1.96421 1.14834
2.9639 1.17309
3.9636 1.19777
4.9144 0.887971
5.8652 0.578169
6.8649 0.602851
-0.0494353 1.99939
0.950565 1.99939
1.93946 2.14803
2.93915 2.17278
3.93884 2.19747
4.88965 1.88766
5.84045 1.57786
6.84014 1.60254
-0.429115 2.92451
0.570885 2.92451
1.55978 3.07315
2.55947 3.0979
3.55916 3.12258
4.50997 2.81278
5.46077 2.50298
6.46046 2.52766
-0.453797 3.9242
0.546203 3.9242
1.53509 4.07284
2.53479 4.0976
3.53448 4.12228
4.48528 3.81248
5.43608 3.50268
6.43578 3.52736
-0.60244 4.91309
0.39756 4.91309
1.38645 5.06174
2.38614 5.08649
3.38584 5.11117
4.33664 4.80137
5.28744 4.49157
6.28714 4.51625
-0.751082 5.90198
0.248918 5.90198
1.23781 6.05063
2.2375 6.07538
3.2372 6.10006
4.188 5.79026
5.1388 5.48046
6.1385 5.50514
-1.13076 6.8271
-0.130762 6.8271
0.858129 6.97574
1.85782 7.0005
2.85752 7.02518
3.80832 6.71538
4.75912 6.40558
5.75882 6.43026
