0 0
1 0
1.99061 0.136701
2.99017 0.166545
3.98972 0.196344
4.9425 -0.107318
5.89528 -0.410979
6.89484 -0.381181
-0.0297981 0.999556
0.970202 0.999556
1.96081 1.13626
2.96037 1.1661
3.95992 1.1959
4.9127 0.892238
5.86548 0.588577
6.86504 0.618375
-0.0596428 1.99911
0.940357 1.99911
1.93097 2.13581
2.93052 2.16566
3.93008 2.19545
4.88286 1.89179
5.83564 1.58813
6.8352 1.61793
-0.431646 2.92734
0.568354 2.92734
1.55897 3.06404
2.55852 3.09389
3.55808 3.12369
4.51086 2.82002
5.46364 2.51636
6.46319 2.54616
-0.461444 3.9269
0.538556 3.9269
1.52917 4.0636
2.52872 4.09344
3.52828 4.12324
4.48106 3.81958
5.43384 3.51592
6.43339 3.54572
-0.598145 4.91751
0.401855 4.91751
1.39247 5.05421
2.39202 5.08406
3.39158 5.11385
4.34436 4.81019
5.29714 4.50653
6.29669 4.53633
-0.734846 5.90812
0.265154 5.90812
1.25577 6.04482
2.25532 6.07467
3.25488 6.10447
4.20766 5.8008
5.16044 5.49714
6.15999 5.52694
-1.10685 6.83635
-0.10685 6.83635
0.883763 6.97305
1.88332 7.0029
2.88287 7.0327
3.83565 6.72904
4.78843 6.42537
5.78799 6.45517
