0 0
1 0
1.99359 0.113041
2.99297 0.148146
3.99236 0.183227
4.95088 -0.101797
5.9094 -0.386822
6.90878 -0.351741
-0.0350811 0.999384
0.964919 0.999384
1.95851 1.11243
2.95789 1.14753
3.95728 1.18261
4.9158 0.897587
5.87432 0.612562
6.8737 0.647643
-0.0701865 1.99877
0.929814 1.99877
1.9234 2.11181
2.92279 2.14691
3.92217 2.182
4.88069 1.89697
5.83921 1.61195
6.8386 1.64703
-0.416284 2.93697
0.583716 2.93697
1.57731 3.05001
2.57669 3.08511
3.57607 3.12019
4.53459 2.83517
5.49311 2.55014
6.4925 2.58523
-0.451365 3.93635
0.548635 3.93635
1.54223 4.04939
2.54161 4.0845
3.54099 4.11958
4.49951 3.83455
5.45803 3.54953
6.45742 3.58461
-0.564406 4.92994
0.435594 4.92994
1.42918 5.04298
2.42857 5.07809
3.42795 5.11317
4.38647 4.82814
5.34499 4.54312
6.34438 4.5782
-0.677447 5.92353
0.322553 5.92353
1.31614 6.03657
2.31553 6.07168
3.31491 6.10676
4.27343 5.82173
5.23195 5.53671
6.23134 5.57179
-1.02354 6.86173
-0.0235446 6.86173
0.970046 6.97477
1.96943 7.00988
2.96881 7.04496
3.92733 6.75993
4.88585 6.47491
5.88524 6.50999
