0 0
1 0
1.99714 0.0755713
2.99634 0.115486
3.99555 0.155389
4.96205 -0.101259
5.92856 -0.357906
6.92776 -0.318003
-0.0399037 0.999204
0.960096 0.999204
1.95724 1.07477
2.95644 1.11469
3.95564 1.15459
4.92215 0.897945
5.88865 0.641297
6.88786 0.681201
-0.079818 1.99841
0.920182 1.99841
1.91732 2.07398
2.91653 2.11389
3.91573 2.1538
4.88223 1.89715
5.84874 1.6405
6.84794 1.6804
-0.382989 2.95134
0.617011 2.95134
1.61415 3.02691
2.61335 3.06683
3.61256 3.10673
4.57906 2.85008
5.54557 2.59344
6.54477 2.63334
-0.422893 3.95055
0.577107 3.95055
1.57425 4.02612
2.57345 4.06603
3.57265 4.10594
4.53916 3.84929
5.50566 3.59264
6.50487 3.63254
-0.498464 4.94769
0.501536 4.94769
1.49868 5.02326
2.49788 5.06317
3.49708 5.10308
4.46359 4.84643
5.43009 4.58978
6.4293 4.62968
-0.574036 5.94483
0.425964 5.94483
1.4231 6.0204
2.42231 6.06031
3.42151 6.10022
4.38802 5.84357
5.35452 5.58692
6.35372 5.62682
-0.877207 6.89776
0.122793 6.89776
1.11993 6.97333
2.11914 7.01325
3.11834 7.05315
4.08485 6.7965
5.05135 6.53986
6.05055 6.57976
