0 0
1 0
1.98089 -0.194584
2.98078 -0.18004
3.98067 -0.165496
4.83917 0.347326
5.69766 0.860147
6.69756 0.874691
-0.0145439 0.999894
0.985456 0.999894
1.96634 0.80531
2.96624 0.819854
3.96613 0.834398
4.82463 1.34722
5.68312 1.86004
6.68301 1.87459
-0.0290879 1.99979
0.970912 1.99979
1.9518 1.8052
2.95169 1.81975
3.95159 1.83429
4.81008 2.34711
5.66858 2.85994
6.66847 2.87448
0.459241 2.87245
1.45924 2.87245
2.44013 2.67786
3.44002 2.69241
4.43991 2.70695
5.29841 3.21977
6.15691 3.7326
7.1568 3.74714
0.444697 3.87234
1.4447 3.87234
2.42558 3.67776
3.42548 3.6923
4.42537 3.70685
5.28387 4.21967
6.14236 4.73249
7.14226 4.74703
0.639281 4.85323
1.63928 4.85323
2.62017 4.65864
3.62006 4.67319
4.61996 4.68773
5.47845 5.20055
6.33695 5.71338
7.33684 5.72792
0.833865 5.83411
1.83386 5.83411
2.81475 5.63953
3.81464 5.65407
4.81454 5.66862
5.67303 6.18144
6.53153 6.69426
7.53142 6.70881
1.32219 6.70677
2.32219 6.70677
3.30308 6.51219
4.30297 6.52673
5.30287 6.54128
6.16136 7.0541
7.01986 7.56692
8.01975 7.58147
