0 0
1 0
1.99848 0.055194
2.99777 0.0927101
3.99707 0.130223
4.97018 -0.100109
5.94329 -0.330441
6.94259 -0.292928
-0.0375129 0.999296
0.962487 0.999296
1.96096 1.05449
2.96026 1.09201
3.95955 1.12952
4.93267 0.899187
5.90578 0.668855
6.90508 0.706368
-0.075029 1.99859
0.924971 1.99859
1.92345 2.05379
2.92274 2.0913
3.92204 2.12882
4.89515 1.89848
5.86826 1.66815
6.86756 1.70566
-0.341511 2.96243
0.658489 2.96243
1.65697 3.01763
2.65626 3.05514
3.65556 3.09266
4.62867 2.86232
5.60178 2.63199
6.60108 2.6695
-0.379024 3.96173
0.620976 3.96173
1.61945 4.01692
2.61875 4.05444
3.61804 4.09195
4.59116 3.86162
5.56427 3.63129
6.56356 3.6688
-0.434218 4.9602
0.565782 4.9602
1.56426 5.0154
2.56355 5.05291
3.56285 5.09043
4.53596 4.86009
5.50907 4.62976
6.50837 4.66728
-0.489412 5.95868
0.510588 5.95868
1.50906 6.01387
2.50836 6.05139
3.50766 6.0889
4.48077 5.85857
5.45388 5.62824
6.45318 5.66575
-0.755893 6.92252
0.244107 6.92252
1.24258 6.97771
2.24188 7.01523
3.24117 7.05274
4.21429 6.82241
5.1874 6.59208
6.18669 6.62959
