0 0
1 0
1.99967 0.0258271
2.99905 0.0609985
3.99843 0.0961695
4.97949 -0.0975207
5.96055 -0.291211
6.95994 -0.25604
-0.035171 0.999381
0.964829 0.999381
1.9645 1.02521
2.96388 1.06038
3.96326 1.09555
4.94432 0.901861
5.92538 0.70817
6.92476 0.743341
-0.0703424 1.99876
0.929658 1.99876
1.92932 2.02459
2.92871 2.05976
3.92809 2.09493
4.90915 1.90124
5.89021 1.70755
6.88959 1.74272
-0.285994 2.97523
0.714006 2.97523
1.71367 3.00106
2.71305 3.03623
3.71244 3.0714
4.6935 2.87771
5.67456 2.68402
6.67394 2.71919
-0.321165 3.97461
0.678835 3.97461
1.6785 4.00044
2.67788 4.03561
3.67726 4.07078
4.65833 3.87709
5.63939 3.6834
6.63877 3.71857
-0.346992 4.97428
0.653008 4.97428
1.65267 5.00011
2.65206 5.03528
3.65144 5.07045
4.6325 4.87676
5.61356 4.68307
6.61294 4.71824
-0.372819 5.97395
0.627181 5.97395
1.62685 5.99977
2.62623 6.03495
3.62561 6.07012
4.60667 5.87643
5.58774 5.68274
6.58712 5.71791
-0.58847 6.95042
0.41153 6.95042
1.4112 6.97624
2.41058 7.01142
3.40996 7.04659
4.39102 6.8529
5.37208 6.65921
6.37147 6.69438
