0 0
1 0
1.9986 0.0529213
2.99859 0.0564823
3.99859 0.0600432
4.98913 -0.0771722
5.97967 -0.214388
6.97966 -0.210827
-0.00356093 0.999994
0.996439 0.999994
1.99504 1.05291
2.99503 1.05648
3.99503 1.06004
4.98557 0.922821
5.97611 0.785606
6.9761 0.789167
-0.00712186 1.99999
0.992878 1.99999
1.99148 2.05291
2.99147 2.05647
3.99146 2.06003
4.98201 1.92282
5.97255 1.7856
6.97254 1.78916
-0.155713 2.98889
0.844287 2.98889
1.84289 3.04181
2.84288 3.04537
3.84287 3.04893
4.83341 2.91171
5.82396 2.7745
6.82395 2.77806
-0.159274 3.98888
0.840726 3.98888
1.83932 4.0418
2.83932 4.04536
3.83931 4.04892
4.82985 3.91171
5.82039 3.77449
6.82039 3.77805
-0.212195 4.98748
0.787805 4.98748
1.7864 5.0404
2.7864 5.04396
3.78639 5.04752
4.77693 4.91031
5.76747 4.77309
6.76747 4.77665
-0.265117 5.98608
0.734883 5.98608
1.73348 6.039
2.73348 6.04256
3.73347 6.04612
4.72401 5.9089
5.71455 5.77169
6.71455 5.77525
-0.413708 6.97498
0.586292 6.97498
1.58489 7.0279
2.58488 7.03146
3.58488 7.03502
4.57542 6.8978
5.56596 6.76059
6.56595 6.76415
