0 0
1 0
1.99989 0.0145682
2.99978 0.0297274
3.99966 0.0448866
4.99266 -0.0732542
5.98566 -0.191395
6.98554 -0.176236
-0.0151592 0.999885
0.984841 0.999885
1.98473 1.01445
2.98462 1.02961
3.9845 1.04477
4.9775 0.926631
5.9705 0.80849
6.97038 0.823649
-0.0303184 1.99977
0.969682 1.99977
1.96958 2.01434
2.96946 2.0295
3.96935 2.04466
4.96234 1.92652
5.95534 1.80838
6.95522 1.82353
-0.149322 2.99266
0.850678 2.99266
1.85057 3.00723
2.85046 3.02239
3.85034 3.03755
4.84334 2.91941
5.83634 2.80127
6.83622 2.81643
-0.164481 3.99255
0.835519 3.99255
1.83541 4.00712
2.8353 4.02228
3.83518 4.03744
4.82818 3.91929
5.82118 3.80115
6.82106 3.81631
-0.179049 4.99244
0.820951 4.99244
1.82084 5.00701
2.82073 5.02217
3.82061 5.03733
4.81361 4.91919
5.80661 4.80105
6.80649 4.81621
-0.193617 5.99234
0.806383 5.99234
1.80628 6.00691
2.80616 6.02206
3.80605 6.03722
4.79904 5.91908
5.79204 5.80094
6.79193 5.8161
-0.312621 6.98523
0.687379 6.98523
1.68727 6.9998
2.68716 7.01496
3.68704 7.03012
4.68004 6.91198
5.67304 6.79384
6.67292 6.80899
