0 0
1 0
1.99845 0.055695
2.99836 0.0421487
3.99826 0.0286025
4.99483 -0.0541757
5.9914 -0.136954
6.99131 -0.1505
0.0135462 0.999908
1.01355 0.999908
2.01199 1.0556
3.0119 1.04206
4.01181 1.02851
5.00838 0.945733
6.00495 0.862954
7.00485 0.849408
0.0270925 1.99982
1.02709 1.99982
2.02554 2.05551
3.02545 2.04197
4.02536 2.02842
5.02192 1.94564
6.01849 1.86286
7.0184 1.84932
-0.0578284 2.9962
0.942172 2.9962
1.94062 3.0519
2.94053 3.03835
3.94044 3.02481
4.937 2.94203
5.93357 2.85925
6.93348 2.8457
-0.0442822 3.99611
0.955718 3.99611
1.95417 4.05181
2.95407 4.03826
3.95398 4.02471
4.95055 3.94194
5.94712 3.85916
6.94703 3.84561
-0.0999772 4.99456
0.900023 4.99456
1.89847 5.05026
2.89838 5.03671
3.89829 5.02316
4.89486 4.94038
5.89142 4.85761
6.89133 4.84406
-0.155672 5.99301
0.844328 5.99301
1.84278 6.0487
2.84268 6.03516
3.84259 6.02161
4.83916 5.93883
5.83573 5.85605
6.83564 5.84251
-0.240593 6.9894
0.759407 6.9894
1.75785 7.04509
2.75776 7.03154
3.75767 7.018
4.75424 6.93522
5.75081 6.85244
6.75072 6.8389
