0 0
1 0
1.99967 -0.02575
2.99919 0.00520146
3.99871 0.0361529
4.99344 -0.0663535
5.98817 -0.16886
6.9877 -0.137909
-0.0309514 0.999521
0.969049 0.999521
1.96872 0.973771
2.96824 1.00472
3.96776 1.03567
4.96249 0.933167
5.95722 0.830661
6.95674 0.861612
-0.0619029 1.99904
0.938097 1.99904
1.93777 1.97329
2.93729 2.00424
3.93681 2.03519
4.93154 1.93269
5.92627 1.83018
6.92579 1.86113
-0.140265 2.99597
0.859735 2.99597
1.8594 2.97022
2.85892 3.00117
3.85845 3.03212
4.85318 2.92961
5.84791 2.82711
6.84743 2.85806
-0.171216 3.99549
0.828784 3.99549
1.82845 3.96974
2.82797 4.00069
3.82749 4.03164
4.82223 3.92913
5.81696 3.82663
6.81648 3.85758
-0.145466 4.99516
0.854534 4.99516
1.8542 4.96941
2.85372 5.00036
3.85324 5.03131
4.84798 4.9288
5.84271 4.8263
6.84223 4.85725
-0.119717 5.99482
0.880283 5.99482
1.87995 5.96907
2.87947 6.00003
3.87899 6.03098
4.87373 5.92847
5.86846 5.82596
6.86798 5.85692
-0.198079 6.99175
0.801921 6.99175
1.80159 6.966
2.80111 6.99695
3.80063 7.0279
4.79536 6.9254
5.7901 6.82289
6.78962 6.85384
