0 0
1 0
1.99642 0.0844963
2.99602 0.0562325
3.99562 0.0279687
4.99351 -0.0369785
5.9914 -0.101926
6.991 -0.13019
0.0282638 0.9996
1.02826 0.9996
2.02469 1.0841
3.02429 1.05583
4.02389 1.02757
5.02178 0.962622
6.01967 0.897675
7.01927 0.869411
0.0565275 1.9992
1.05653 1.9992
2.05295 2.0837
3.05255 2.05543
4.05215 2.02717
5.05004 1.96222
6.04793 1.89728
7.04753 1.86901
0.0052264 2.99788
1.00523 2.99788
2.00165 3.08238
3.00125 3.05412
4.00085 3.02585
4.99874 2.96091
5.99663 2.89596
6.99623 2.86769
0.0334902 3.99748
1.03349 3.99748
2.02991 4.08198
3.02951 4.05372
4.02911 4.02545
5.027 3.96051
6.02489 3.89556
7.02449 3.8673
-0.0510061 4.99391
0.948994 4.99391
1.94542 5.0784
2.94502 5.05014
3.94462 5.02188
4.94251 4.95693
5.9404 4.89198
6.94 4.86372
-0.135502 5.99033
0.864498 5.99033
1.86092 6.07483
2.86052 6.04656
3.86012 6.0183
4.85801 5.95335
5.8559 5.88841
6.8555 5.86014
-0.186804 6.98902
0.813196 6.98902
1.80962 7.07351
2.80922 7.04525
3.80882 7.01698
4.80671 6.95204
5.8046 6.88709
6.8042 6.85883
