0 0
1 0
2 0.00091905
2.99981 0.0204656
3.99962 0.0400122
4.99502 -0.0557521
5.99043 -0.151516
6.99023 -0.13197
-0.0195466 0.999809
0.980453 0.999809
1.98045 1.00073
2.98026 1.02027
3.98007 1.03982
4.97547 0.944057
5.97088 0.848293
6.97069 0.867839
-0.0390931 1.99962
0.960907 1.99962
1.96091 2.00054
2.96072 2.02008
3.96052 2.03963
4.95593 1.94387
5.95133 1.8481
6.95114 1.86765
-0.0994399 2.9978
0.90056 2.9978
1.90056 2.99871
2.90037 3.01826
3.90018 3.03781
4.89558 2.94204
5.89099 2.84628
6.89079 2.86583
-0.118986 3.9976
0.881014 3.9976
1.88101 3.99852
2.88082 4.01807
3.88063 4.03762
4.87604 3.94185
5.87144 3.84609
6.87125 3.86563
-0.119906 4.9976
0.880094 4.9976
1.88009 4.99852
2.8799 5.01807
3.87971 5.03762
4.87512 4.94185
5.87052 4.84609
6.87033 4.86563
-0.120825 5.9976
0.879175 5.9976
1.87918 5.99852
2.87898 6.01807
3.87879 6.03762
4.8742 5.94185
5.8696 5.84609
6.86941 5.86563
-0.181171 6.99578
0.818829 6.99578
1.81883 6.9967
2.81864 7.01625
3.81845 7.03579
4.81385 6.94003
5.80925 6.84426
6.80906 6.86381
