0 0
1 0
1.99972 0.0238073
2.99972 0.0234708
3.99972 0.0231342
4.99715 -0.0485033
5.99458 -0.120141
6.99458 -0.120477
0.000336532 1
1.00034 1
2.00005 1.02381
3.00005 1.02347
4.00005 1.02313
4.99748 0.951497
5.99491 0.879859
6.99491 0.879523
0.000673064 2
1.00067 2
2.00039 2.02381
3.00039 2.02347
4.00039 2.02313
4.99782 1.9515
5.99525 1.87986
6.99525 1.87952
-0.0712138 2.99741
0.928786 2.99741
1.9285 3.02122
2.9285 3.02088
3.9285 3.02055
4.92593 2.94891
5.92336 2.87727
6.92336 2.87694
-0.0708773 3.99741
0.929123 3.99741
1.92884 4.02122
2.92884 4.02088
3.92884 4.02055
4.92627 3.94891
5.9237 3.87727
6.9237 3.87694
-0.0946845 4.99713
0.905315 4.99713
1.90503 5.02094
2.90503 5.0206
3.90503 5.02026
4.90246 4.94863
5.89989 4.87699
6.89989 4.87665
-0.118492 5.99685
0.881508 5.99685
1.88122 6.02065
2.88122 6.02032
3.88122 6.01998
4.87866 5.94834
5.87609 5.87671
6.87609 5.87637
-0.190379 6.99426
0.809621 6.99426
1.80934 7.01807
2.80934 7.01773
3.80934 7.01739
4.80677 6.94576
5.8042 6.87412
6.8042 6.87378
