0 0
1 0
1.99967 0.0257024
2.99967 0.0280921
3.99966 0.0304818
4.99711 -0.0408805
5.99456 -0.112243
6.99456 -0.109853
-0.00238969 0.999997
0.99761 0.999997
1.99728 1.0257
2.99728 1.02809
3.99727 1.03048
4.99472 0.959117
5.99218 0.887754
6.99217 0.890144
-0.00477939 1.99999
0.995221 1.99999
1.99489 2.0257
2.99489 2.02809
3.99488 2.03048
4.99234 1.95911
5.98979 1.88775
6.98978 1.89014
-0.0803968 2.99713
0.919603 2.99713
1.91927 3.02283
2.91927 3.02522
3.91927 3.02761
4.91672 2.95625
5.91417 2.88489
6.91417 2.88728
-0.0827865 3.99713
0.917213 3.99713
1.91688 4.02283
2.91688 4.02522
3.91688 4.02761
4.91433 3.95625
5.91178 3.88489
6.91178 3.88728
-0.108489 4.9968
0.891511 4.9968
1.89118 5.0225
2.89118 5.02489
3.89117 5.02728
4.88863 4.95592
5.88608 4.88456
6.88607 4.88694
-0.134191 5.99647
0.865809 5.99647
1.86548 6.02217
2.86548 6.02456
3.86547 6.02695
4.86292 5.95559
5.86037 5.88422
6.86037 5.88661
-0.209809 6.9936
0.790191 6.9936
1.78986 7.01931
2.78986 7.0217
3.78986 7.02409
4.78731 6.95272
5.78476 6.88136
6.78475 6.88375
