0 0
1 0
1.9787 -0.205292
2.97855 -0.188181
3.97841 -0.171069
4.81207 0.3812
5.64574 0.93347
6.64559 0.950581
-0.0171114 0.999854
0.982889 0.999854
1.96159 0.794562
2.96144 0.811673
3.9613 0.828784
4.79496 1.38105
5.62863 1.93332
6.62848 1.95043
-0.0342227 1.99971
0.965777 1.99971
1.94448 1.79442
2.94433 1.81153
3.94419 1.82864
4.77785 2.38091
5.61152 2.93318
6.61137 2.95029
0.485387 2.85411
1.48539 2.85411
2.46409 2.64882
3.46394 2.66593
4.46379 2.68304
5.29746 3.23531
6.13113 3.78758
7.13098 3.80469
0.468276 3.85396
1.46828 3.85396
2.44698 3.64867
3.44683 3.66578
4.44668 3.6829
5.28035 4.23516
6.11401 4.78743
7.11387 4.80455
0.673568 4.83267
1.67357 4.83267
2.65227 4.62737
3.65212 4.64448
4.65198 4.6616
5.48564 5.21387
6.31931 5.76614
7.31916 5.78325
0.878859 5.81137
1.87886 5.81137
2.85756 5.60607
3.85741 5.62319
4.85727 5.6403
5.69093 6.19257
6.5246 6.74484
7.52445 6.76195
1.39847 6.66577
2.39847 6.66577
3.37717 6.46048
4.37702 6.47759
5.37688 6.4947
6.21054 7.04697
7.04421 7.59924
8.04406 7.61635
