0 0
1 0
1.99918 0.0405391
2.99918 0.0415586
3.99918 0.0425782
4.99669 -0.0279579
5.9942 -0.098494
6.99419 -0.0974745
-0.00101955 0.999999
0.99898 0.999999
1.99816 1.04054
2.99816 1.04156
3.99816 1.04258
4.99567 0.972042
5.99318 0.901505
6.99318 0.902525
-0.0020391 2
0.997961 2
1.99714 2.04054
2.99714 2.04156
3.99714 2.04258
4.99465 1.97204
5.99216 1.9015
6.99216 1.90252
-0.0865695 2.99642
0.913431 2.99642
1.91261 3.03696
2.91261 3.03798
3.91261 3.039
4.91012 2.96846
5.90763 2.89793
6.90763 2.89895
-0.087589 3.99642
0.912411 3.99642
1.91159 4.03696
2.91159 4.03798
3.91159 4.039
4.9091 3.96846
5.90661 3.89793
6.90661 3.89894
-0.128128 4.9956
0.871872 4.9956
1.87105 5.03614
2.87105 5.03716
3.87105 5.03818
4.86856 4.96764
5.86607 4.8971
6.86607 4.89812
-0.168667 5.99478
0.831333 5.99478
1.83051 6.03531
2.83051 6.03633
3.83051 6.03735
4.82802 5.96682
5.82553 5.89628
6.82553 5.8973
-0.253197 6.9912
0.746803 6.9912
1.74598 7.03174
2.74598 7.03275
3.74598 7.03377
4.74349 6.96324
5.741 6.8927
6.741 6.89372
