0 0
1 0
1.99994 0.0104887
2.99953 0.0392137
3.99912 0.0679388
4.99501 -0.0225774
5.99091 -0.113094
6.9905 -0.0843685
-0.028725 0.999587
0.971275 0.999587
1.97122 1.01008
2.97081 1.0388
3.97039 1.06753
4.96629 0.97701
5.96218 0.886494
6.96177 0.915219
-0.0574501 1.99917
0.94255 1.99917
1.94249 2.00966
2.94208 2.03839
3.94167 2.06711
4.93756 1.9766
5.93346 1.88608
6.93305 1.91481
-0.160229 2.99388
0.839771 2.99388
1.83972 3.00437
2.8393 3.03309
3.83889 3.06182
4.83479 2.9713
5.83068 2.88079
6.83027 2.90951
-0.188954 3.99347
0.811046 3.99347
1.81099 4.00395
2.81058 4.03268
3.81017 4.0614
4.80606 3.97089
5.80196 3.88037
6.80154 3.9091
-0.199443 4.99341
0.800557 4.99341
1.8005 5.0039
2.80009 5.03262
3.79968 5.06135
4.79557 4.97083
5.79147 4.88032
6.79105 4.90904
-0.209932 5.99336
0.790068 5.99336
1.79001 6.00384
2.7896 6.03257
3.78919 6.06129
4.78508 5.97078
5.78098 5.88026
6.78057 5.90899
-0.312711 6.98806
0.687289 6.98806
1.68723 6.99855
2.68682 7.02727
3.68641 7.056
4.6823 6.96548
5.6782 6.87497
6.67779 6.90369
