0 0
1 0
1.99875 0.049941
2.99863 0.0658544
3.9985 0.0817678
4.99499 -0.00193466
5.99148 -0.0856372
6.99135 -0.0697237
-0.0159134 0.999873
0.984087 0.999873
1.98284 1.04981
2.98271 1.06573
3.98259 1.08164
4.97908 0.997939
5.97557 0.914236
6.97544 0.93015
-0.0318269 1.99975
0.968173 1.99975
1.96693 2.04969
2.9668 2.0656
3.96667 2.08151
4.96316 1.99781
5.95965 1.91411
6.95953 1.93002
-0.148838 2.99288
0.851162 2.99288
1.84991 3.04282
2.84979 3.05873
3.84966 3.07465
4.84615 2.99094
5.84264 2.90724
6.84252 2.92315
-0.164751 3.99275
0.835249 3.99275
1.834 4.04269
2.83387 4.05861
3.83375 4.07452
4.83024 3.99082
5.82673 3.90711
6.8266 3.92303
-0.214692 4.9915
0.785308 4.9915
1.78406 5.04144
2.78393 5.05736
3.78381 5.07327
4.7803 4.98957
5.77679 4.90587
6.77666 4.92178
-0.264633 5.99026
0.735367 5.99026
1.73412 6.0402
2.73399 6.05611
3.73387 6.07202
4.73036 5.98832
5.72685 5.90462
6.72672 5.92053
-0.381644 6.98339
0.618356 6.98339
1.61711 7.03333
2.61698 7.04924
3.61686 7.06515
4.61335 6.98145
5.60984 6.89775
6.60971 6.91366
