0 0
1 0
1.99777 0.0668122
2.99759 0.0854375
3.99742 0.104063
4.99354 0.0160527
5.98966 -0.0719575
6.98948 -0.0533321
-0.0186254 0.999827
0.981375 0.999827
1.97914 1.06664
2.97897 1.08526
3.97879 1.10389
4.97491 1.01588
5.97103 0.927869
6.97086 0.946494
-0.0372508 1.99965
0.962749 1.99965
1.96051 2.06647
2.96034 2.08509
3.96017 2.10372
4.95629 2.01571
5.95241 1.9277
6.95223 1.94632
-0.171284 2.99063
0.828716 2.99063
1.82648 3.05744
2.82631 3.07607
3.82613 3.09469
4.82225 3.00668
5.81837 2.91867
6.8182 2.9373
-0.18991 3.99046
0.81009 3.99046
1.80786 4.05727
2.80768 4.07589
3.80751 4.09452
4.80363 4.00651
5.79975 3.9185
6.79957 3.93712
-0.256722 4.98822
0.743278 4.98822
1.74104 5.05503
2.74087 5.07366
3.7407 5.09228
4.73682 5.00427
5.73294 4.91626
6.73276 4.93489
-0.323534 5.98599
0.676466 5.98599
1.67423 6.0528
2.67406 6.07143
3.67388 6.09005
4.67 6.00204
5.66612 5.91403
6.66595 5.93266
-0.457568 6.97696
0.542432 6.97696
1.5402 7.04378
2.54002 7.0624
3.53985 7.08103
4.53597 6.99302
5.53209 6.90501
6.53192 6.92363
