0 0
1 0
1.99701 0.0773359
2.99642 0.111403
3.99584 0.145471
4.99102 0.0473897
5.9862 -0.0506914
6.98562 -0.0166239
-0.0340675 0.99942
0.965933 0.99942
1.96294 1.07676
2.96236 1.11082
3.96178 1.14489
4.95696 1.04681
5.95213 0.948728
6.95155 0.982796
-0.068135 1.99884
0.931865 1.99884
1.92887 2.07617
2.92829 2.11024
3.92771 2.14431
4.92289 2.04623
5.91807 1.94815
6.91749 1.98222
-0.232188 2.98529
0.767812 2.98529
1.76482 3.06263
2.76424 3.09669
3.76366 3.13076
4.75883 3.03268
5.75401 2.9346
6.75343 2.96867
-0.266256 3.98471
0.733744 3.98471
1.73075 4.06205
2.73017 4.09611
3.72959 4.13018
4.72477 4.0321
5.71995 3.93402
6.71936 3.96809
-0.343592 4.98172
0.656408 4.98172
1.65341 5.05905
2.65283 5.09312
3.65225 5.12719
4.64743 5.0291
5.64261 4.93102
6.64203 4.96509
-0.420928 5.97872
0.579072 5.97872
1.57608 6.05606
2.5755 6.09012
3.57492 6.12419
4.57009 6.02611
5.56527 5.92803
6.56469 5.9621
-0.584981 6.96517
0.415019 6.96517
1.41202 7.04251
2.41144 7.07658
3.41086 7.11064
4.40604 7.01256
5.40122 6.91448
6.40064 6.94855
