0 0
1 0
1.99379 0.111235
2.9929 0.15355
3.992 0.195865
4.98719 0.0979185
5.98239 -2.78082e-05
6.98149 0.0422871
-0.0423149 0.999104
0.957685 0.999104
1.95148 1.11034
2.95058 1.15265
3.94969 1.19497
4.94488 1.09702
5.94007 0.999077
6.93918 1.04139
-0.0846297 1.99821
0.91537 1.99821
1.90916 2.10944
2.90827 2.15176
3.90737 2.19407
4.90256 2.09613
5.89776 1.99818
6.89686 2.0405
-0.280573 2.97882
0.719427 2.97882
1.71322 3.09006
2.71232 3.13237
3.71143 3.17469
4.70662 3.07674
5.70181 2.9788
6.70092 3.02111
-0.322888 3.97793
0.677112 3.97793
1.67091 4.08916
2.67001 4.13148
3.66911 4.17379
4.66431 4.07585
5.6595 3.9779
6.6586 4.02022
-0.434123 4.97172
0.565877 4.97172
1.55967 5.08296
2.55878 5.12527
3.55788 5.16759
4.55307 5.06964
5.54826 4.97169
6.54737 5.01401
-0.545358 5.96552
0.454642 5.96552
1.44844 6.07675
2.44754 6.11907
3.44664 6.16138
4.44184 6.06343
5.43703 5.96549
6.43613 6.0078
-0.741302 6.94613
0.258698 6.94613
1.25249 7.05737
2.2516 7.09968
3.2507 7.142
4.24589 7.04405
5.24108 6.9461
6.24019 6.98842
