0 0
1 0
1.99221 0.124541
2.99026 0.18704
3.98831 0.249489
4.98305 0.147062
5.97779 0.0446346
6.97584 0.107084
-0.062449 0.998048
0.937551 0.998048
1.92977 1.12259
2.92781 1.18509
3.92586 1.24754
4.9206 1.14511
5.91534 1.04268
6.91339 1.10513
-0.124948 1.99609
0.875052 1.99609
1.86727 2.12063
2.86531 2.18313
3.86336 2.24558
4.8581 2.14315
5.85284 2.04073
6.85089 2.10318
-0.352332 2.9699
0.647668 2.9699
1.63988 3.09444
2.63793 3.15694
3.63598 3.21939
4.63072 3.11696
5.62546 3.01453
6.62351 3.07698
-0.414781 3.96795
0.585219 3.96795
1.57743 4.09249
2.57548 4.15499
3.57353 4.21744
4.56827 4.11501
5.56301 4.01258
6.56106 4.07503
-0.539321 4.96016
0.460679 4.96016
1.45289 5.0847
2.45094 5.1472
3.44899 5.20965
4.44373 5.10722
5.43847 5.0048
6.43652 5.06724
-0.663862 5.95238
0.336138 5.95238
1.32835 6.07692
2.3264 6.13942
3.32445 6.20186
4.31919 6.09944
5.31393 5.99701
6.31198 6.05946
-0.891245 6.92618
0.108755 6.92618
1.10097 7.05072
2.09901 7.11322
3.09706 7.17567
4.0918 7.07324
5.08654 6.97082
6.08459 7.03326
