0 0
1 0
1.98928 0.146025
2.98616 0.224924
3.98305 0.303816
4.97837 0.207182
5.97369 0.110548
6.97057 0.189441
-0.0788926 0.996883
0.921107 0.996883
1.91039 1.14291
2.90727 1.22181
3.90415 1.3007
4.89947 1.20407
5.89479 1.10743
6.89168 1.18632
-0.157792 1.99377
0.842208 1.99377
1.83149 2.13979
2.82837 2.21869
3.82526 2.29758
4.82058 2.20095
5.8159 2.10431
6.81278 2.18321
-0.411781 2.96097
0.588219 2.96097
1.5775 3.107
2.57438 3.1859
3.57127 3.26479
4.56659 3.16815
5.56191 3.07152
6.55879 3.15041
-0.490673 3.95786
0.509327 3.95786
1.49861 4.10388
2.49549 4.18278
3.49237 4.26167
4.48769 4.16504
5.48301 4.0684
6.4799 4.1473
-0.636698 4.94714
0.363302 4.94714
1.35258 5.09316
2.34947 5.17206
3.34635 5.25095
4.34167 5.15432
5.33699 5.05768
6.33387 5.13658
-0.782722 5.93642
0.217278 5.93642
1.20656 6.08244
2.20344 6.16134
3.20032 6.24023
4.19564 6.1436
5.19096 6.04697
6.18785 6.12586
-1.03671 6.90363
-0.0367114 6.90363
0.95257 7.04965
1.94945 7.12855
2.94634 7.20744
3.94166 7.11081
4.93698 7.01417
5.93386 7.09307
