0 0
1 0
1.98738 0.158379
2.98264 0.25559
3.97791 0.352803
4.9742 0.266793
5.97049 0.180782
6.96576 0.277996
-0.0972136 0.995264
0.902786 0.995264
1.89016 1.15364
2.88543 1.25085
3.88069 1.34807
4.87699 1.26206
5.87328 1.17605
6.86854 1.27326
-0.194424 1.99053
0.805576 1.99053
1.79295 2.14891
2.78822 2.24612
3.78348 2.34333
4.77978 2.25732
5.77607 2.17131
6.77133 2.26852
-0.466956 2.95267
0.533044 2.95267
1.52042 3.11105
2.51569 3.20826
3.51095 3.30548
4.50724 3.21947
5.50354 3.13346
6.4988 3.23067
-0.56417 3.94794
0.43583 3.94794
1.42321 4.10632
2.41847 4.20353
3.41374 4.30074
4.41003 4.21473
5.40632 4.12872
6.40159 4.22593
-0.722548 4.93532
0.277452 4.93532
1.26483 5.09369
2.26009 5.19091
3.25536 5.28812
4.25165 5.20211
5.24795 5.1161
6.24321 5.21331
-0.880927 5.92269
0.119073 5.92269
1.10645 6.08107
2.10172 6.17828
3.09698 6.2755
4.09327 6.18949
5.08957 6.10348
6.08483 6.20069
-1.15346 6.88484
-0.153459 6.88484
0.83392 7.04322
1.82918 7.14043
2.82445 7.23764
3.82074 7.15163
4.81704 7.06562
5.8123 7.16284
