0 0
1 0
1.9857 0.168536
2.97929 0.281555
3.97288 0.394573
4.97028 0.322483
5.96768 0.250393
6.96127 0.363411
-0.113018 0.993593
0.886982 0.993593
1.87268 1.16213
2.86627 1.27515
3.85986 1.38817
4.85726 1.31608
5.85466 1.24399
6.84825 1.357
-0.226037 1.98719
0.773963 1.98719
1.75966 2.15572
2.75325 2.26874
3.74684 2.38176
4.74424 2.30967
5.74164 2.23758
6.73523 2.3506
-0.511084 2.9457
0.488916 2.9457
1.47461 3.11424
2.4682 3.22725
3.4618 3.34027
4.4592 3.26818
5.45659 3.19609
6.45019 3.30911
-0.624102 3.93929
0.375898 3.93929
1.36159 4.10783
2.35519 4.22085
3.34878 4.33387
4.34618 4.26178
5.34358 4.18969
6.33717 4.3027
-0.792638 4.92499
0.207362 4.92499
1.19306 5.09352
2.18665 5.20654
3.18024 5.31956
4.17764 5.24747
5.17504 5.17538
6.16863 5.2884
-0.961174 5.91068
0.038826 5.91068
1.02452 6.07922
2.01811 6.19224
3.01171 6.30526
4.00911 6.23317
5.0065 6.16108
6.0001 6.27409
-1.24622 6.8692
-0.246221 6.8692
0.739475 7.03773
1.73307 7.15075
2.72666 7.26377
3.72406 7.19168
4.72146 7.11959
5.71505 7.23261
