0 0
1 0
1.97231 -0.233701
2.97191 -0.205601
3.97152 -0.177501
4.76402 0.432364
5.55653 1.04223
6.55614 1.07033
-0.0281 0.999605
0.9719 0.999605
1.94421 0.765905
2.94381 0.794005
3.94342 0.822105
4.73592 1.43197
5.52843 2.04183
6.52804 2.06993
-0.0562 1.99921
0.9438 1.99921
1.91611 1.76551
2.91571 1.79361
3.91532 1.82171
4.70782 2.43157
5.50033 3.04144
6.49994 3.06954
0.5108 2.82293
1.5108 2.82293
2.48311 2.58923
3.48271 2.61733
4.48232 2.64543
5.27482 3.25529
6.06733 3.86516
7.06694 3.89326
0.4827 3.82253
1.4827 3.82253
2.45501 3.58883
3.45461 3.61693
4.45422 3.64503
5.24672 4.2549
6.03923 4.86476
7.03884 4.89286
0.7164 4.79484
1.7164 4.79484
2.68871 4.56114
3.68831 4.58924
4.68792 4.61734
5.48042 5.22721
6.27293 5.83707
7.27254 5.86517
0.950101 5.76715
1.9501 5.76715
2.92241 5.53345
3.92201 5.56155
4.92162 5.58965
5.71413 6.19951
6.50663 6.80938
7.50624 6.83748
1.5171 6.59087
2.5171 6.59087
3.48941 6.35717
4.48901 6.38527
5.48862 6.41337
6.28112 7.02323
7.07363 7.6331
8.07324 7.6612
