0 0
1 0
1.98463 0.174657
2.97682 0.299382
3.96901 0.424107
4.96734 0.366338
5.96567 0.308569
6.95786 0.433294
-0.124725 0.992191
0.875275 0.992191
1.8599 1.16685
2.8521 1.29157
3.84429 1.4163
4.84262 1.35853
5.84095 1.30076
6.83314 1.42549
-0.24945 1.98438
0.75055 1.98438
1.73518 2.15904
2.72737 2.28376
3.71956 2.40849
4.71789 2.35072
5.71622 2.29295
6.70841 2.41768
-0.540718 2.94102
0.459282 2.94102
1.44391 3.11568
2.4361 3.24041
3.42829 3.36513
4.42662 3.30736
5.42495 3.24959
6.41715 3.37432
-0.665443 3.93322
0.334557 3.93322
1.31919 4.10787
2.31138 4.2326
3.30357 4.35732
4.3019 4.29955
5.30023 4.24178
6.29242 4.36651
-0.8401 4.91784
0.1599 4.91784
1.14453 5.0925
2.13672 5.21723
3.12891 5.34195
4.12724 5.28418
5.12557 5.22641
6.11776 5.35114
-1.01476 5.90247
-0.0147571 5.90247
0.969872 6.07713
1.96206 6.20186
2.95425 6.32658
3.95258 6.26881
4.95091 6.21104
5.94311 6.33577
-1.30602 6.85912
-0.306025 6.85912
0.678604 7.03377
1.6708 7.1585
2.66299 7.28322
3.66132 7.22545
4.65965 7.16768
5.65184 7.29241
