0 0
1 0
1.98374 0.179625
2.97502 0.311394
3.9663 0.443162
4.96527 0.397868
5.96424 0.352574
6.95552 0.484343
-0.131769 0.991281
0.868231 0.991281
1.85197 1.17091
2.84325 1.30267
3.83453 1.43444
4.8335 1.38915
5.83248 1.34385
6.82376 1.47562
-0.263537 1.98256
0.736463 1.98256
1.7202 2.16219
2.71148 2.29395
3.70276 2.42572
4.70173 2.38043
5.70071 2.33514
6.69199 2.4669
-0.557553 2.93836
0.442447 2.93836
1.42618 3.11799
2.41746 3.24976
3.40874 3.38152
4.40772 3.33623
5.40669 3.29094
6.39797 3.4227
-0.689321 3.92964
0.310679 3.92964
1.29441 4.10927
2.28569 4.24104
3.27697 4.3728
4.27595 4.32751
5.27492 4.28222
6.2662 4.41398
-0.868947 4.91338
0.131053 4.91338
1.11479 5.093
2.10607 5.22477
3.09735 5.35654
4.09632 5.31125
5.0953 5.26595
6.08658 5.39772
-1.04857 5.89711
-0.0485717 5.89711
0.935163 6.07674
1.92644 6.20851
2.91772 6.34027
3.9167 6.29498
4.91567 6.24969
5.90695 6.38145
-1.34259 6.85291
-0.342587 6.85291
0.641148 7.03254
1.63243 7.16431
2.62371 7.29608
3.62268 7.25078
4.62166 7.20549
5.61294 7.33726
