0 0
1 0
1.98258 0.18585
2.97346 0.320604
3.96434 0.455358
4.96362 0.417624
5.96291 0.379889
6.95379 0.514643
-0.134754 0.990879
0.865246 0.990879
1.84782 1.17673
2.8387 1.31148
3.82958 1.44624
4.82887 1.4085
5.82816 1.37077
6.81904 1.50552
-0.269508 1.98176
0.730492 1.98176
1.71307 2.16761
2.70395 2.30236
3.69483 2.43712
4.69412 2.39938
5.6934 2.36165
6.68428 2.4964
-0.566541 2.93663
0.433459 2.93663
1.41604 3.12248
2.40692 3.25723
3.3978 3.39198
4.39708 3.35425
5.39637 3.31651
6.38725 3.45127
-0.701295 3.9275
0.298705 3.9275
1.28128 4.11335
2.27216 4.24811
3.26304 4.38286
4.26233 4.34513
5.26162 4.30739
6.2525 4.44215
-0.887145 4.91008
0.112855 4.91008
1.09543 5.09593
2.08631 5.23069
3.07719 5.36544
4.07648 5.32771
5.07577 5.28997
6.06665 5.42473
-1.07299 5.89266
-0.0729949 5.89266
0.909583 6.07851
1.90046 6.21326
2.89134 6.34802
3.89063 6.31028
4.88992 6.27255
5.8808 6.4073
-1.37003 6.84753
-0.370028 6.84753
0.61255 7.03338
1.60343 7.16813
2.59431 7.30289
3.5936 7.26515
4.59288 7.22742
5.58376 7.36217
