0 0
1 0
1.98219 0.187865
2.97277 0.324832
3.96335 0.461799
4.96279 0.428507
5.96224 0.395215
6.95281 0.532181
-0.136967 0.990576
0.863033 0.990576
1.84523 1.17844
2.8358 1.31541
3.82638 1.45237
4.82583 1.41908
5.82527 1.38579
6.81585 1.52276
-0.273933 1.98115
0.726067 1.98115
1.70826 2.16902
2.69884 2.30598
3.68941 2.44295
4.68886 2.40966
5.6883 2.37637
6.67888 2.51333
-0.572434 2.93556
0.427566 2.93556
1.40976 3.12343
2.40034 3.26039
3.39091 3.39736
4.39036 3.36407
5.3898 3.33078
6.38038 3.46774
-0.709401 3.92614
0.290599 3.92614
1.27279 4.114
2.26337 4.25097
3.25395 4.38793
4.25339 4.35464
5.25284 4.32135
6.24341 4.45832
-0.897266 4.90833
0.102734 4.90833
1.08493 5.0962
2.0755 5.23316
3.06608 5.37013
4.06553 5.33684
5.06497 5.30355
6.05555 5.44051
-1.08513 5.89053
-0.0851314 5.89053
0.897063 6.07839
1.88764 6.21536
2.87821 6.35232
3.87766 6.31903
4.87711 6.28574
5.86768 6.42271
-1.38363 6.84494
-0.383632 6.84494
0.598562 7.0328
1.58914 7.16977
2.57971 7.30673
3.57916 7.27344
4.57861 7.24015
5.56918 7.37712
