0 0
1 0
1.98254 0.186055
2.97299 0.323896
3.96345 0.461737
4.96301 0.432293
5.96258 0.402849
6.95304 0.54069
-0.137841 0.990454
0.862159 0.990454
1.8447 1.17651
2.83515 1.31435
3.82561 1.45219
4.82517 1.42275
5.82474 1.3933
6.81519 1.53114
-0.275682 1.98091
0.724318 1.98091
1.70686 2.16696
2.69731 2.3048
3.68777 2.44265
4.68733 2.4132
5.6869 2.38376
6.67735 2.5216
-0.572361 2.93589
0.427639 2.93589
1.41018 3.12194
2.40063 3.25978
3.39109 3.39762
4.39065 3.36818
5.39022 3.33873
6.38067 3.47658
-0.710202 3.92634
0.289798 3.92634
1.27234 4.1124
2.26279 4.25024
3.25325 4.38808
4.25281 4.35863
5.25238 4.32919
6.24283 4.46703
-0.896257 4.90888
0.103743 4.90888
1.08628 5.09493
2.07674 5.23278
3.06719 5.37062
4.06676 5.34117
5.06632 5.31173
6.05678 5.44957
-1.08231 5.89142
-0.082312 5.89142
0.900227 6.07747
1.89068 6.21532
2.88114 6.35316
3.8807 6.32371
4.88027 6.29427
5.87072 6.43211
-1.37899 6.8464
-0.37899 6.8464
0.603549 7.03245
1.594 7.17029
2.58446 7.30813
3.58402 7.27869
4.58359 7.24925
5.57404 7.38709
