0 0
1 0
1.98341 0.181387
2.97418 0.316989
3.96494 0.452591
4.96458 0.425786
5.96422 0.398981
6.95498 0.534583
-0.135602 0.990763
0.864398 0.990763
1.84781 1.17215
2.83857 1.30775
3.82934 1.44335
4.82898 1.41655
5.82862 1.38974
6.81938 1.52535
-0.271204 1.98153
0.728796 1.98153
1.71221 2.16291
2.70297 2.29852
3.69373 2.43412
4.69337 2.40731
5.69302 2.38051
6.68378 2.51611
-0.562297 2.93822
0.437703 2.93822
1.42112 3.11961
2.41188 3.25521
3.40264 3.39081
4.40228 3.36401
5.40192 3.3372
6.39269 3.4728
-0.697899 3.92899
0.302101 3.92899
1.28551 4.11037
2.27628 4.24597
3.26704 4.38158
4.26668 4.35477
5.26632 4.32797
6.25708 4.46357
-0.879286 4.9124
0.120714 4.9124
1.10413 5.09378
2.09489 5.22939
3.08565 5.36499
4.08529 5.33818
5.08493 5.31138
6.0757 5.44698
-1.06067 5.89581
-0.0606722 5.89581
0.92274 6.0772
1.9135 6.2128
2.90427 6.3484
3.90391 6.32159
4.90355 6.29479
5.89431 6.43039
-1.35176 6.8525
-0.351765 6.8525
0.631647 7.03389
1.62241 7.16949
2.61317 7.30509
3.61281 7.27829
4.61246 7.25148
5.60322 7.38709
