0 0
1 0
1.9849 0.173133
2.97609 0.305536
3.96729 0.437938
4.96703 0.415006
5.96676 0.392074
6.95796 0.524476
-0.132402 0.991196
0.867598 0.991196
1.8525 1.16433
2.84369 1.29673
3.83489 1.42913
4.83463 1.4062
5.83436 1.38327
6.82556 1.51567
-0.264805 1.98239
0.735195 1.98239
1.72009 2.15553
2.71129 2.28793
3.70249 2.42033
4.70222 2.3974
5.70196 2.37447
6.69316 2.50687
-0.546129 2.942
0.453871 2.942
1.43877 3.11514
2.42997 3.24754
3.42116 3.37994
4.4209 3.35701
5.42064 3.33408
6.41183 3.46648
-0.678531 3.9332
0.321469 3.9332
1.30637 4.10633
2.29756 4.23874
3.28876 4.37114
4.2885 4.34821
5.28823 4.32527
6.27943 4.45768
-0.851665 4.9181
0.148335 4.9181
1.13323 5.09123
2.12443 5.22364
3.11563 5.35604
4.11536 5.33311
5.1151 5.31017
6.1063 5.44258
-1.0248 5.903
-0.024798 5.903
0.9601 6.07613
1.9513 6.20853
2.94249 6.34094
3.94223 6.318
4.94197 6.29507
5.93316 6.42747
-1.30612 6.86261
-0.306122 6.86261
0.678776 7.03574
1.66997 7.16815
2.66117 7.30055
3.66091 7.27762
4.66064 7.25468
5.65184 7.38709
