0 0
1 0
1.98686 0.161605
2.97872 0.288907
3.97058 0.41621
4.97044 0.399411
5.9703 0.382612
6.96217 0.509915
-0.127303 0.991864
0.872697 0.991864
1.85955 1.15347
2.85142 1.28077
3.84328 1.40807
4.84314 1.39128
5.843 1.37448
6.83486 1.50178
-0.254605 1.98373
0.745395 1.98373
1.73225 2.14533
2.72411 2.27264
3.71598 2.39994
4.71584 2.38314
5.7157 2.36634
6.70756 2.49364
-0.520745 2.94766
0.479255 2.94766
1.46611 3.10927
2.45797 3.23657
3.44984 3.36387
4.4497 3.34707
5.44956 3.33027
6.44142 3.45758
-0.648048 3.93953
0.351952 3.93953
1.33881 4.10113
2.33067 4.22843
3.32254 4.35574
4.32239 4.33894
5.32225 4.32214
6.31412 4.44944
-0.809653 4.92638
0.190347 4.92638
1.1772 5.08799
2.16907 5.21529
3.16093 5.34259
4.16079 5.32579
5.16065 5.30899
6.15251 5.4363
-0.971257 5.91324
0.0287427 5.91324
1.0156 6.07484
2.00746 6.20214
2.99933 6.32945
3.99918 6.31265
4.99904 6.29585
5.99091 6.42315
-1.2374 6.87717
-0.237397 6.87717
0.749459 7.03878
1.74132 7.16608
2.73319 7.29338
3.73305 7.27658
4.7329 7.25978
5.72477 7.38709
