0 0
1 0
1.98919 0.146614
2.982 0.266338
3.97481 0.386062
4.97478 0.378569
5.97475 0.371075
6.96756 0.490799
-0.119724 0.992807
0.880276 0.992807
1.86947 1.13942
2.86228 1.25915
3.85508 1.37887
4.85506 1.37138
5.85503 1.36388
6.84784 1.48361
-0.239448 1.98561
0.760552 1.98561
1.74975 2.13223
2.74255 2.25195
3.73536 2.37168
4.73533 2.36418
5.7353 2.35669
6.72811 2.47641
-0.483592 2.95535
0.516408 2.95535
1.5056 3.10197
2.49841 3.22169
3.49122 3.34142
4.49119 3.33392
5.49116 3.32643
6.48397 3.44615
-0.603316 3.94816
0.396684 3.94816
1.38588 4.09477
2.37869 4.2145
3.37149 4.33422
4.37146 4.32673
5.37144 4.31924
6.36424 4.43896
-0.74993 4.93735
0.25007 4.93735
1.23926 5.08397
2.23207 5.20369
3.22488 5.32342
4.22485 5.31592
5.22482 5.30843
6.21763 5.42815
-0.896544 5.92655
0.103456 5.92655
1.09265 6.07316
2.08546 6.19289
3.07826 6.31261
4.07824 6.30512
5.07821 6.29762
6.07102 6.41735
-1.14069 6.89629
-0.140688 6.89629
0.848506 7.0429
1.84131 7.16263
2.83412 7.28235
3.83409 7.27486
4.83406 7.26736
5.82687 7.38709
