0 0
1 0
1.99131 0.131519
2.98555 0.238736
3.97978 0.345952
4.97978 0.348775
5.97978 0.351597
6.97401 0.458813
-0.107217 0.994236
0.892783 0.994236
1.8841 1.12575
2.87833 1.23297
3.87257 1.34019
4.87256 1.34301
5.87256 1.34583
6.8668 1.45305
-0.214433 1.98847
0.785567 1.98847
1.77688 2.11999
2.77112 2.22721
3.76535 2.33442
4.76535 2.33725
5.76534 2.34007
6.75958 2.44728
-0.430021 2.96496
0.569979 2.96496
1.56129 3.09648
2.55553 3.20369
3.54976 3.31091
4.54976 3.31373
5.54976 3.31655
6.54399 3.42377
-0.537238 3.95919
0.462762 3.95919
1.45408 4.09071
2.44831 4.19793
3.44255 4.30514
4.44254 4.30797
5.44254 4.31079
6.43678 4.418
-0.668757 4.95051
0.331243 4.95051
1.32256 5.08202
2.31679 5.18924
3.31103 5.29646
4.31102 5.29928
5.31102 5.3021
6.30526 5.40932
-0.800276 5.94182
0.199724 5.94182
1.19104 6.07334
2.18527 6.18055
3.17951 6.28777
4.1795 6.29059
5.1795 6.29342
6.17374 6.40063
-1.01586 6.9183
-0.0158639 6.9183
0.97545 7.04982
1.96969 7.15704
2.96392 7.26426
3.96392 7.26708
4.96391 7.2699
5.95815 7.37712
