0 0
1 0
1.96329 -0.268466
2.96251 -0.228997
3.96173 -0.189527
4.67795 0.508345
5.39418 1.20622
6.3934 1.24569
-0.0394699 0.999221
0.96053 0.999221
1.92382 0.730754
2.92304 0.770224
3.92226 0.809694
4.63848 1.50757
5.35471 2.20544
6.35393 2.24491
-0.0789398 1.99844
0.92106 1.99844
1.88435 1.72998
2.88357 1.76944
3.88279 1.80891
4.59901 2.50679
5.31524 3.20466
6.31446 3.24413
0.561441 2.7665
1.56144 2.7665
2.52473 2.49803
3.52395 2.5375
4.52317 2.57697
5.23939 3.27484
5.95562 3.97272
6.95484 4.01219
0.521971 3.76572
1.52197 3.76572
2.48526 3.49725
3.48448 3.53672
4.4837 3.57619
5.19992 4.27407
5.91615 4.97194
6.91537 5.01141
0.790437 4.72901
1.79044 4.72901
2.75373 4.46054
3.75295 4.50001
4.75217 4.53948
5.46839 5.23735
6.18461 5.93523
7.18383 5.9747
1.0589 5.6923
2.0589 5.6923
3.02219 5.42383
4.02141 5.4633
5.02063 5.50277
5.73686 6.20064
6.45308 6.89851
7.4523 6.93798
1.69928 6.46036
2.69928 6.46036
3.66257 6.19189
4.66179 6.23136
5.66101 6.27083
6.37724 6.9687
7.09346 7.66657
8.09268 7.70604
