0 0
1 0
1.99354 0.113491
2.98926 0.205853
3.98499 0.298216
4.98494 0.30849
5.98488 0.318764
6.98061 0.411127
-0.0923623 0.995725
0.907638 0.995725
1.90118 1.10922
2.8969 1.20158
3.89263 1.29394
4.89257 1.30422
5.89252 1.31449
6.88825 1.40685
-0.184725 1.99145
0.815275 1.99145
1.80881 2.10494
2.80454 2.1973
3.80027 2.28967
4.80021 2.29994
5.80016 2.31022
6.79589 2.40258
-0.366122 2.97486
0.633878 2.97486
1.62742 3.08835
2.62314 3.18071
3.61887 3.27308
4.61881 3.28335
5.61876 3.29363
6.61449 3.38599
-0.458485 3.97059
0.541515 3.97059
1.53505 4.08408
2.53078 4.17644
3.52651 4.2688
4.52645 4.27908
5.5264 4.28935
6.52213 4.38171
-0.571976 4.96413
0.428024 4.96413
1.42156 5.07762
2.41729 5.16998
3.41301 5.26234
4.41296 5.27262
5.41291 5.28289
6.40863 5.37525
-0.685466 5.95766
0.314534 5.95766
1.30807 6.07116
2.3038 6.16352
3.29952 6.25588
4.29947 6.26615
5.29942 6.27643
6.29514 6.36879
-0.866864 6.94107
0.133136 6.94107
1.12667 7.05457
2.1224 7.14693
3.11813 7.23929
4.11807 7.24956
5.11802 7.25984
6.11375 7.3522
