0 0
1 0
1.99534 0.0964204
2.99237 0.173426
3.9894 0.25043
4.9893 0.264918
5.98919 0.279406
6.98622 0.356411
-0.0770048 0.997031
0.922995 0.997031
1.91834 1.09345
2.91537 1.17046
3.9124 1.24746
4.91229 1.26195
5.91219 1.27644
6.90922 1.35344
-0.15401 1.99406
0.84599 1.99406
1.84133 2.09048
2.83836 2.16749
3.83539 2.24449
4.83529 2.25898
5.83518 2.27347
6.83221 2.35047
-0.298095 2.98363
0.701905 2.98363
1.69725 3.08005
2.69428 3.15705
3.69131 3.23406
4.6912 3.24854
5.6911 3.26303
6.68813 3.34004
-0.3751 3.98066
0.6249 3.98066
1.62024 4.07708
2.61727 4.15408
3.6143 4.23109
4.6142 4.24558
5.61409 4.26006
6.61112 4.33707
-0.47152 4.976
0.52848 4.976
1.52382 5.07242
2.52085 5.14942
3.51788 5.22643
4.51778 5.24092
5.51767 5.2554
6.5147 5.33241
-0.567941 5.97134
0.432059 5.97134
1.4274 6.06776
2.42443 6.14476
3.42146 6.22177
4.42136 6.23626
5.42125 6.25075
6.41828 6.32775
-0.712026 6.9609
0.287974 6.9609
1.28331 7.05732
2.28035 7.13433
3.27738 7.21133
4.27727 7.22582
5.27717 7.24031
6.2742 7.31732
