0 0
1 0
1.9972 0.0747828
2.99491 0.142422
3.99262 0.210064
4.99247 0.227353
5.99232 0.244641
6.99003 0.312283
-0.0676419 0.99771
0.932358 0.99771
1.92956 1.07249
2.92727 1.14013
3.92498 1.20777
4.92483 1.22506
5.92468 1.24235
6.92239 1.30999
-0.135281 1.99542
0.864719 1.99542
1.86192 2.0702
2.85963 2.13784
3.85734 2.20548
4.85719 2.22277
5.85704 2.24006
6.85475 2.3077
-0.246451 2.98922
0.753549 2.98922
1.75075 3.064
2.74846 3.13164
3.74617 3.19929
4.74602 3.21657
5.74587 3.23386
6.74358 3.3015
-0.314093 3.98693
0.685907 3.98693
1.68311 4.06171
2.68082 4.12935
3.67853 4.19699
4.67838 4.21428
5.67823 4.23157
6.67594 4.29921
-0.388876 4.98413
0.611124 4.98413
1.60832 5.05891
2.60603 5.12655
3.60374 5.19419
4.60359 5.21148
5.60344 5.22877
6.60115 5.29641
-0.463658 5.98133
0.536342 5.98133
1.53354 6.05611
2.53125 6.12375
3.52896 6.19139
4.52881 6.20868
5.52866 6.22597
6.52637 6.29361
-0.574828 6.97513
0.425172 6.97513
1.42237 7.04991
2.42008 7.11755
3.41779 7.1852
4.41764 7.20248
5.41749 7.21977
6.4152 7.28741
