0 0
1 0
1.99282 0.119617
2.99252 0.144098
3.99222 0.168537
4.99092 0.219495
5.98962 0.270452
6.98932 0.294891
-0.0244393 0.999701
0.975561 0.999701
1.96838 1.11932
2.96808 1.1438
3.96778 1.16824
4.96648 1.2192
5.96518 1.27015
6.96489 1.29459
-0.0489203 1.9994
0.95108 1.9994
1.9439 2.11902
2.9436 2.1435
3.9433 2.16794
4.942 2.2189
5.9407 2.26985
6.9404 2.29429
-0.133492 2.99582
0.866508 2.99582
1.85933 3.11544
2.85903 3.13992
3.85873 3.16436
4.85743 3.21531
5.85613 3.26627
6.85583 3.29071
-0.157932 3.99552
0.842068 3.99552
1.83489 4.11514
2.83459 4.13962
3.83429 4.16406
4.83299 4.21501
5.83169 4.26597
6.83139 4.29041
-0.277549 4.98834
0.722451 4.98834
1.71527 5.10796
2.71497 5.13244
3.71467 5.15688
4.71337 5.20783
5.71207 5.25879
6.71178 5.28323
-0.397165 5.98116
0.602835 5.98116
1.59565 6.10078
2.59536 6.12526
3.59506 6.1497
4.59376 6.20066
5.59246 6.25161
6.59216 6.27605
-0.481737 6.97758
0.518263 6.97758
1.51108 7.09719
2.51078 7.12168
3.51048 7.14611
4.50919 7.19707
5.50789 7.24803
6.50759 7.27247
