0 0
1 0
1.99465 0.103271
2.99276 0.164857
3.99086 0.226369
4.99086 0.224451
5.99086 0.222533
6.98896 0.284046
-0.0615126 0.998106
0.938487 0.998106
1.93314 1.10138
2.93124 1.16296
3.92935 1.22448
4.92935 1.22256
5.92935 1.22064
6.92745 1.28215
-0.123099 1.99621
0.876901 1.99621
1.87155 2.09948
2.86966 2.16106
3.86776 2.22258
4.86776 2.22066
5.86776 2.21874
6.86587 2.28025
-0.136605 2.99612
0.863395 2.99612
1.85805 3.09939
2.85615 3.16097
3.85426 3.22249
4.85425 3.22057
5.85425 3.21865
6.85236 3.28016
-0.198117 3.99422
0.801883 3.99422
1.79654 4.09749
2.79464 4.15908
3.79274 4.22059
4.79274 4.21867
5.79274 4.21676
6.79085 4.27827
-0.301388 4.98888
0.698612 4.98888
1.69327 5.09215
2.69137 5.15373
3.68947 5.21525
4.68947 5.21333
5.68947 5.21141
6.68758 5.27292
-0.404659 5.98353
0.595341 5.98353
1.58999 6.0868
2.5881 6.14839
3.5862 6.2099
4.5862 6.20798
5.5862 6.20606
6.58431 6.26758
-0.418165 6.98344
0.581835 6.98344
1.57649 7.08671
2.57459 7.1483
3.5727 7.20981
4.57269 7.20789
5.57269 7.20597
6.5708 7.26748
