0 0
1 0
1.99802 0.0629659
2.99687 0.110733
3.99573 0.158524
4.99518 0.191818
5.99462 0.225111
6.99348 0.272902
-0.0477908 0.998857
0.952209 0.998857
1.95022 1.06182
2.94908 1.10959
3.94794 1.15738
4.94739 1.19067
5.94683 1.22397
6.94569 1.27176
-0.0955578 1.99772
0.904442 1.99772
1.90246 2.06068
2.90132 2.10845
3.90017 2.15624
4.89962 2.18953
5.89906 2.22283
6.89792 2.27062
-0.15038 2.99621
0.84962 2.99621
1.84764 3.05918
2.84649 3.10694
3.84535 3.15474
4.8448 3.18803
5.84424 3.22132
6.8431 3.26911
-0.198171 3.99507
0.801829 3.99507
1.79984 4.05804
2.7987 4.1058
3.79756 4.15359
4.79701 4.18689
5.79645 4.22018
6.79531 4.26797
-0.261137 4.99309
0.738863 4.99309
1.73688 5.05605
2.73574 5.10382
3.73459 5.15161
4.73404 5.1849
5.73349 5.2182
6.73234 5.26599
-0.324103 5.9911
0.675897 5.9911
1.67391 6.05407
2.67277 6.10183
3.67163 6.14962
4.67107 6.18292
5.67052 6.21621
6.66938 6.264
-0.378925 6.9896
0.621075 6.9896
1.61909 7.05256
2.61795 7.10033
3.61681 7.14812
4.61625 7.18141
5.6157 7.21471
6.61455 7.2625
