0 0
1 0
1.99867 0.0515739
2.99753 0.0993072
3.99639 0.147041
4.99574 0.183207
5.99508 0.219373
6.99394 0.267106
-0.0477334 0.99886
0.952267 0.99886
1.95094 1.05043
2.9498 1.09817
3.94866 1.1459
4.948 1.18207
5.94735 1.21823
6.94621 1.26597
-0.0954667 1.99772
0.904533 1.99772
1.9032 2.04929
2.90206 2.09703
3.90092 2.14476
4.90027 2.18093
5.89961 2.21709
6.89847 2.26483
-0.154695 2.99596
0.845305 2.99596
1.84397 3.04754
2.84283 3.09527
3.84169 3.14301
4.84104 3.17917
5.84039 3.21534
6.83925 3.26307
-0.202428 3.99482
0.797572 3.99482
1.79624 4.0464
2.7951 4.09413
3.79396 4.14187
4.79331 4.17803
5.79265 4.2142
6.79151 4.26193
-0.254002 4.99349
0.745998 4.99349
1.74467 5.04507
2.74353 5.0928
3.74239 5.14053
4.74173 5.1767
5.74108 5.21287
6.73994 5.2606
-0.305576 5.99216
0.694424 5.99216
1.69309 6.04374
2.69195 6.09147
3.69081 6.1392
4.69016 6.17537
5.6895 6.21154
6.68837 6.25927
-0.364804 6.99041
0.635196 6.99041
1.63386 7.04198
2.63272 7.08971
3.63159 7.13745
4.63093 7.17361
5.63028 7.20978
6.62914 7.25751
