0 0
1 0
1.99859 0.0531476
2.9974 0.101787
3.99622 0.150427
4.99563 0.184709
5.99504 0.218991
6.99386 0.26763
-0.0486395 0.998816
0.951361 0.998816
1.94995 1.05196
2.94876 1.1006
3.94758 1.14924
4.94699 1.18353
5.9464 1.21781
6.94522 1.26645
-0.0972789 1.99763
0.902721 1.99763
1.90131 2.05078
2.90012 2.09942
3.89894 2.14806
4.89835 2.18234
5.89776 2.21662
6.89658 2.26526
-0.158398 2.99576
0.841602 2.99576
1.84019 3.04891
2.83901 3.09755
3.83782 3.14619
4.83723 3.18047
5.83665 3.21475
6.83546 3.26339
-0.207037 3.99458
0.792963 3.99458
1.79155 4.04773
2.79037 4.09637
3.78918 4.14501
4.78859 4.17929
5.78801 4.21357
6.78682 4.26221
-0.260185 4.99317
0.739815 4.99317
1.7384 5.04631
2.73722 5.09495
3.73603 5.14359
4.73545 5.17788
5.73486 5.21216
6.73368 5.2608
-0.313332 5.99175
0.686668 5.99175
1.68525 6.0449
2.68407 6.09354
3.68289 6.14218
4.6823 6.17646
5.68171 6.21074
6.68053 6.25938
-0.374451 6.98988
0.625549 6.98988
1.62414 7.04303
2.62295 7.09167
3.62177 7.14031
4.62118 7.17459
5.62059 7.20887
6.61941 7.25751
