0 0
1 0
1.99862 0.0525149
2.99786 0.0913876
3.99711 0.13026
4.99493 0.196201
5.99276 0.262142
6.992 0.301015
-0.0388727 0.999244
0.961127 0.999244
1.95975 1.05176
2.95899 1.09063
3.95824 1.1295
4.95606 1.19545
5.95388 1.26139
6.95313 1.30026
-0.0777454 1.99849
0.922255 1.99849
1.92087 2.051
2.92012 2.08988
3.91936 2.12875
4.91719 2.19469
5.91501 2.26063
6.91425 2.2995
-0.170236 2.9942
0.829764 2.9942
1.82838 3.04672
2.82763 3.08559
3.82687 3.12446
4.8247 3.1904
5.82252 3.25634
6.82176 3.29522
-0.209108 3.99345
0.790892 3.99345
1.78951 4.04596
2.78876 4.08483
3.788 4.12371
4.78582 4.18965
5.78365 4.25559
6.78289 4.29446
-0.261623 4.99207
0.738377 4.99207
1.737 5.04458
2.73624 5.08345
3.73549 5.12233
4.73331 5.18827
5.73113 5.25421
6.73038 5.29308
-0.314138 5.99069
0.685862 5.99069
1.68448 6.0432
2.68373 6.08207
3.68297 6.12095
4.68079 6.18689
5.67862 6.25283
6.67786 6.2917
-0.406629 6.9864
0.593371 6.9864
1.59199 7.03891
2.59124 7.07779
3.59048 7.11666
4.5883 7.1826
5.58613 7.24854
6.58537 7.28741
