0 0
1 0
1.99905 0.0435961
2.99596 0.122133
3.99287 0.200669
4.99176 0.247788
5.99065 0.294908
6.98756 0.373444
-0.0785364 0.996911
0.921464 0.996911
1.92051 1.04051
2.91742 1.11904
3.91434 1.19758
4.91322 1.2447
5.91211 1.29182
6.90903 1.37036
-0.157073 1.99382
0.842927 1.99382
1.84198 2.03742
2.83889 2.11596
3.8358 2.19449
4.83469 2.24161
5.83358 2.28873
6.83049 2.36727
-0.228373 2.99128
0.771627 2.99128
1.77068 3.03487
2.76759 3.11341
3.7645 3.19195
4.76339 3.23907
5.76228 3.28618
6.75919 3.36472
-0.306909 3.98819
0.693091 3.98819
1.69214 4.03178
2.68905 4.11032
3.68596 4.18886
4.68485 4.23598
5.68374 4.2831
6.68065 4.36163
-0.350506 4.98724
0.649494 4.98724
1.64854 5.03083
2.64545 5.10937
3.64237 5.18791
4.64126 5.23503
5.64014 5.28215
6.63706 5.36068
-0.394102 5.98629
0.605898 5.98629
1.60495 6.02988
2.60186 6.10842
3.59877 6.18696
4.59766 6.23408
5.59655 6.28119
6.59346 6.35973
-0.465402 6.98374
0.534598 6.98374
1.53365 7.02734
2.53056 7.10587
3.52747 7.18441
4.52636 7.23153
5.52525 7.27865
6.52216 7.35719
