0 0
1 0
1.96132 -0.275433
2.96041 -0.232736
3.9595 -0.190039
4.63604 0.54636
5.31259 1.28276
6.31168 1.32546
-0.042697 0.999088
0.957303 0.999088
1.91862 0.723655
2.91771 0.766352
3.9168 0.809049
4.59335 1.54545
5.26989 2.28185
6.26898 2.32454
-0.085394 1.99818
0.914606 1.99818
1.87593 1.72274
2.87501 1.76544
3.8741 1.80814
4.55065 2.54454
5.2272 3.28094
6.22629 3.32363
0.5906 2.73508
1.5906 2.73508
2.55192 2.45965
3.55101 2.50235
4.5501 2.54504
5.22664 3.28144
5.90319 4.01784
6.90228 4.06054
0.547903 3.73417
1.5479 3.73417
2.50922 3.45874
3.50831 3.50144
4.5074 3.54413
5.18395 4.28053
5.86049 5.01693
6.85958 5.05963
0.823336 4.69549
1.82334 4.69549
2.78466 4.42006
3.78374 4.46276
4.78283 4.50545
5.45938 5.24185
6.13593 5.97825
7.13501 6.02095
1.09877 5.65681
2.09877 5.65681
3.06009 5.38138
4.05918 5.42408
5.05826 5.46677
5.73481 6.20317
6.41136 6.93957
7.41045 6.98227
1.77476 6.39372
2.77476 6.39372
3.73608 6.11829
4.73517 6.16098
5.73426 6.20368
6.41081 6.94008
7.08735 7.67648
8.08644 7.71918
