0 0
1 0
1.99716 0.0753069
2.99417 0.152525
3.99119 0.229744
4.98735 0.317277
5.98351 0.404811
6.98053 0.48203
-0.0772184 0.997014
0.922782 0.997014
1.91994 1.07232
2.91696 1.14954
3.91397 1.22676
4.91013 1.31429
5.90629 1.40183
6.90331 1.47904
-0.154437 1.99403
0.845563 1.99403
1.84272 2.06934
2.83974 2.14655
3.83675 2.22377
4.83291 2.31131
5.82908 2.39884
6.82609 2.47606
-0.22895 2.99125
0.77105 2.99125
1.76821 3.06656
2.76522 3.14377
3.76224 3.22099
4.7584 3.30853
5.75456 3.39606
6.75158 3.47328
-0.306169 3.98826
0.693831 3.98826
1.69099 4.06357
2.68801 4.14079
3.68502 4.21801
4.68118 4.30554
5.67734 4.39307
6.67436 4.47029
-0.381476 4.98542
0.618524 4.98542
1.61568 5.06073
2.6127 5.13795
3.60971 5.21517
4.60587 5.3027
5.60204 5.39023
6.59905 5.46745
-0.456783 5.98258
0.543217 5.98258
1.54038 6.05789
2.53739 6.13511
3.53441 6.21233
4.53057 6.29986
5.52673 6.38739
6.52374 6.46461
-0.531296 6.9798
0.468704 6.9798
1.46586 7.05511
2.46288 7.13233
3.45989 7.20955
4.45605 7.29708
5.45222 7.38461
6.44923 7.46183
