0 0
1 0
1.99627 0.0863304
2.99158 0.182994
3.9869 0.279657
4.97868 0.4076
5.97046 0.535544
6.96578 0.632207
-0.0966633 0.995317
0.903337 0.995317
1.8996 1.08165
2.89492 1.17831
3.89024 1.27497
4.88202 1.40292
5.8738 1.53086
6.86912 1.62752
-0.193327 1.99063
0.806673 1.99063
1.80294 2.07696
2.79826 2.17363
3.79357 2.27029
4.78536 2.39823
5.77714 2.52618
6.77245 2.62284
-0.259174 2.98846
0.740826 2.98846
1.73709 3.07479
2.73241 3.17146
3.72773 3.26812
4.71951 3.39606
5.71129 3.52401
6.70661 3.62067
-0.355837 3.98378
0.644163 3.98378
1.64043 4.07011
2.63575 4.16677
3.63106 4.26344
4.62285 4.39138
5.61463 4.51932
6.60994 4.61599
-0.442167 4.98005
0.557833 4.98005
1.5541 5.06638
2.54942 5.16304
3.54473 5.2597
4.53652 5.38765
5.5283 5.51559
6.52361 5.61225
-0.528498 5.97631
0.471502 5.97631
1.46777 6.06264
2.46309 6.15931
3.4584 6.25597
4.45018 6.38391
5.44197 6.51186
6.43728 6.60852
-0.594345 6.97414
0.405655 6.97414
1.40192 7.06047
2.39724 7.15714
3.39256 7.2538
4.38434 7.38174
5.37612 7.50969
6.37144 7.60635
