0 0
1 0
1.99554 0.0943171
2.98893 0.209166
3.98231 0.324015
4.96655 0.500835
5.95079 0.677655
6.94418 0.792504
-0.114849 0.993383
0.885151 0.993383
1.88069 1.0877
2.87408 1.20255
3.86746 1.3174
4.8517 1.49422
5.83595 1.67104
6.82933 1.78589
-0.229697 1.98677
0.770303 1.98677
1.76584 2.08108
2.75923 2.19593
3.75261 2.31078
4.73685 2.4876
5.7211 2.66442
6.71448 2.77927
-0.283515 2.98532
0.716485 2.98532
1.71203 3.07963
2.70541 3.19448
3.69879 3.30933
4.68304 3.48615
5.66728 3.66297
6.66066 3.77782
-0.398364 3.9787
0.601636 3.9787
1.59718 4.07302
2.59056 4.18787
3.58394 4.30271
4.56819 4.47953
5.55243 4.65636
6.54581 4.7712
-0.492681 4.97424
0.507319 4.97424
1.50286 5.06856
2.49624 5.18341
3.48963 5.29826
4.47387 5.47508
5.45811 5.6519
6.4515 5.76675
-0.586998 5.96978
0.413002 5.96978
1.40854 6.0641
2.40193 6.17895
3.39531 6.2938
4.37955 6.47062
5.3638 6.64744
6.35718 6.76229
-0.640817 6.96833
0.359183 6.96833
1.35473 7.06265
2.34811 7.1775
3.34149 7.29235
4.32573 7.46917
5.30998 7.64599
6.30336 7.76084
