0 0
1 0
1.99643 0.0844334
2.98645 0.225326
3.97648 0.366218
4.95008 0.594493
5.92367 0.822768
6.9137 0.963661
-0.140892 0.990025
0.859108 0.990025
1.85554 1.07446
2.84556 1.21535
3.83559 1.35624
4.80918 1.58452
5.78278 1.81279
6.77281 1.95369
-0.281784 1.98005
0.718216 1.98005
1.71464 2.06448
2.70467 2.20538
3.69469 2.34627
4.66829 2.57454
5.64189 2.80282
6.63191 2.94371
-0.317923 2.9794
0.682077 2.9794
1.67851 3.06383
2.66853 3.20472
3.65856 3.34561
4.63215 3.57389
5.60575 3.80217
6.59577 3.94306
-0.458815 3.96942
0.541185 3.96942
1.53761 4.05386
2.52764 4.19475
3.51766 4.33564
4.49126 4.56391
5.46486 4.79219
6.45488 4.93308
-0.543248 4.96585
0.456752 4.96585
1.45318 5.05028
2.44321 5.19118
3.43323 5.33207
4.40683 5.56034
5.38042 5.78862
6.37045 5.92951
-0.627682 5.96228
0.372318 5.96228
1.36875 6.04671
2.35877 6.18761
3.3488 6.3285
4.32239 6.55677
5.29599 6.78505
6.28602 6.92594
-0.66382 6.96163
0.33618 6.96163
1.33261 7.04606
2.32263 7.18695
3.31266 7.32784
4.28626 7.55612
5.25985 7.7844
6.24988 7.92529
