0 0
1 0
1.99227 0.124071
2.98325 0.258109
3.97423 0.392147
4.93031 0.685235
5.8864 0.978323
6.87737 1.11236
-0.134038 0.990976
0.865962 0.990976
1.85824 1.11505
2.84921 1.24909
3.84019 1.38312
4.79627 1.67621
5.75236 1.9693
6.74333 2.10334
-0.268077 1.98195
0.731923 1.98195
1.7242 2.10602
2.71517 2.24006
3.70615 2.3741
4.66223 2.66719
5.61832 2.96028
6.6093 3.09431
-0.273715 2.98194
0.726285 2.98194
1.71856 3.10601
2.70953 3.24005
3.70051 3.37408
4.6566 3.66717
5.61268 3.96026
6.60366 4.0943
-0.407753 3.97291
0.592247 3.97291
1.58452 4.09698
2.5755 4.23102
3.56647 4.36506
4.52256 4.65815
5.47864 4.95124
6.46962 5.08527
-0.531824 4.96519
0.468176 4.96519
1.46045 5.08926
2.45143 5.22329
3.4424 5.35733
4.39849 5.65042
5.35457 5.94351
6.34555 6.07755
-0.655895 5.95746
0.344105 5.95746
1.33638 6.08153
2.32735 6.21557
3.31833 6.34961
4.27442 6.64269
5.2305 6.93578
6.22148 7.06982
-0.661533 6.95744
0.338467 6.95744
1.33074 7.08151
2.32172 7.21555
3.31269 7.34959
4.26878 7.64268
5.22486 7.93577
6.21584 8.06981
