0 0
1 0
1.9951 0.0989124
2.98286 0.254899
3.97061 0.410885
4.91731 0.733011
5.86401 1.05514
6.85177 1.21112
-0.155986 0.987759
0.844014 0.987759
1.83911 1.08667
2.82687 1.24266
3.81463 1.39864
4.76133 1.72077
5.70802 2.0429
6.69578 2.19888
-0.311972 1.97552
0.688028 1.97552
1.68312 2.07443
2.67088 2.23042
3.65864 2.3864
4.60534 2.70853
5.55204 3.03066
6.53979 3.18664
-0.301909 2.97547
0.698091 2.97547
1.69319 3.07438
2.68095 3.23037
3.66871 3.38635
4.6154 3.70848
5.5621 4.0306
6.54986 4.18659
-0.457895 3.96323
0.542105 3.96323
1.5372 4.06214
2.52496 4.21813
3.51272 4.37411
4.45942 4.69624
5.40611 5.01836
6.39387 5.17435
-0.556807 4.95832
0.443193 4.95832
1.43829 5.05724
2.42605 5.21322
3.41381 5.36921
4.3605 5.69133
5.3072 6.01346
6.29496 6.16945
-0.65572 5.95342
0.34428 5.95342
1.33938 6.05233
2.32714 6.20832
3.31489 6.3643
4.26159 6.68643
5.20829 7.00856
6.19605 7.16454
-0.645656 6.95337
0.354344 6.95337
1.34944 7.05228
2.3372 7.20827
3.32496 7.36425
4.27166 7.68638
5.21835 8.00851
6.20611 8.16449
