0 0
1 0
1.99656 0.0828969
2.98161 0.255161
3.96666 0.427424
4.90011 0.786142
5.83355 1.14486
6.8186 1.31712
-0.172264 0.985051
0.827736 0.985051
1.82429 1.06795
2.80935 1.24021
3.7944 1.41248
4.72784 1.77119
5.66129 2.12991
6.64634 2.30217
-0.344527 1.9701
0.655473 1.9701
1.65203 2.053
2.63708 2.22526
3.62213 2.39753
4.55558 2.75624
5.48902 3.11496
6.47408 3.28723
-0.309481 2.96949
0.690519 2.96949
1.68708 3.05238
2.67213 3.22465
3.65718 3.39691
4.59063 3.75563
5.52407 4.11435
6.50912 4.28661
-0.481744 3.95454
0.518256 3.95454
1.51481 4.03744
2.49986 4.2097
3.48492 4.38196
4.41836 4.74068
5.35181 5.0994
6.33686 5.27166
-0.564641 4.9511
0.435359 4.9511
1.43192 5.03399
2.41697 5.20626
3.40202 5.37852
4.33546 5.73724
5.26891 6.09596
6.25396 6.26822
-0.647538 5.94765
0.352462 5.94765
1.34902 6.03055
2.33407 6.20282
3.31912 6.37508
4.25257 6.7338
5.18601 7.09251
6.17106 7.26478
-0.612491 6.94704
0.387509 6.94704
1.38407 7.02994
2.36912 7.2022
3.35417 7.37446
4.28761 7.73318
5.22106 8.0919
6.20611 8.26416
