0 0
1 0
1.99593 0.0901094
2.98099 0.262314
3.96605 0.434519
4.88508 0.828708
5.80411 1.2229
6.78917 1.3951
-0.172205 0.985061
0.827795 0.985061
1.82373 1.07517
2.80879 1.24738
3.79385 1.41958
4.71288 1.81377
5.63191 2.20796
6.61697 2.38016
-0.34441 1.97012
0.65559 1.97012
1.65152 2.06023
2.63658 2.23244
3.62164 2.40464
4.54067 2.79883
5.4597 3.19302
6.44476 3.36522
-0.287524 2.9685
0.712476 2.9685
1.70841 3.05861
2.69347 3.23082
3.67853 3.40302
4.59756 3.79721
5.51659 4.1914
6.50165 4.3636
-0.459729 3.95356
0.540271 3.95356
1.5362 4.04367
2.52126 4.21588
3.50632 4.38808
4.42535 4.78227
5.34438 5.17646
6.32944 5.34867
-0.549839 4.9495
0.450161 4.9495
1.44609 5.03961
2.43115 5.21181
3.41622 5.38402
4.33524 5.7782
5.25427 6.17239
6.23934 6.3446
-0.639948 5.94543
0.360052 5.94543
1.35598 6.03554
2.34104 6.20774
3.32611 6.37995
4.24514 6.77414
5.16416 7.16832
6.14923 7.34053
-0.583063 6.94381
0.416937 6.94381
1.41287 7.03392
2.39793 7.20612
3.38299 7.37833
4.30202 7.77252
5.22105 8.16671
6.20611 8.33891
