0 0
1 0
1.99558 0.0939513
2.98087 0.264849
3.96615 0.435747
4.87952 0.842895
5.79288 1.25004
6.77817 1.42094
-0.170898 0.985289
0.829102 0.985289
1.82468 1.07924
2.80997 1.25014
3.79526 1.42104
4.70862 1.82818
5.62198 2.23533
6.60727 2.40623
-0.341796 1.97058
0.658204 1.97058
1.65378 2.06453
2.63907 2.23543
3.62436 2.40632
4.53772 2.81347
5.45108 3.22062
6.43637 3.39152
-0.277526 2.96851
0.722474 2.96851
1.71805 3.06246
2.70334 3.23336
3.68863 3.40426
4.60199 3.81141
5.51535 4.21855
6.50064 4.38945
-0.448424 3.9538
0.551576 3.9538
1.54715 4.04775
2.53244 4.21865
3.51773 4.38955
4.43109 4.79669
5.34446 5.20384
6.32974 5.37474
-0.542375 4.94938
0.457625 4.94938
1.4532 5.04333
2.43849 5.21422
3.42378 5.38512
4.33714 5.79227
5.2505 6.19942
6.23579 6.37032
-0.636326 5.94495
0.363674 5.94495
1.35925 6.0389
2.34454 6.2098
3.32983 6.3807
4.24319 6.78785
5.15655 7.195
6.14184 7.36589
-0.572056 6.94288
0.427944 6.94288
1.42352 7.03684
2.40881 7.20773
3.3941 7.37863
4.30746 7.78578
5.22082 8.19293
6.20611 8.36383
