0 0
1 0
1.99497 0.100186
2.98137 0.264551
3.96777 0.428916
4.88198 0.834157
5.79619 1.2394
6.78259 1.40376
-0.164365 0.9864
0.835635 0.9864
1.8306 1.08659
2.817 1.25095
3.8034 1.41532
4.71761 1.82056
5.63182 2.2258
6.61822 2.39016
-0.32873 1.9728
0.67127 1.9728
1.66624 2.07298
2.65264 2.23735
3.63904 2.40171
4.55325 2.80696
5.46746 3.2122
6.45386 3.37656
-0.265371 2.97079
0.734629 2.97079
1.7296 3.07098
2.716 3.23534
3.7024 3.39971
4.61661 3.80495
5.53082 4.21019
6.51722 4.37455
-0.429736 3.95719
0.570264 3.95719
1.56523 4.05738
2.55163 4.22174
3.53803 4.38611
4.45224 4.79135
5.36645 5.19659
6.35285 5.36095
-0.529921 4.95216
0.470079 4.95216
1.46505 5.05234
2.45145 5.21671
3.43785 5.38107
4.35206 5.78632
5.26627 6.19156
6.25267 6.35592
-0.630107 5.94713
0.369893 5.94713
1.36486 6.04731
2.35126 6.21168
3.33766 6.37604
4.25187 6.78128
5.16608 7.18652
6.15248 7.35089
-0.566748 6.94512
0.433252 6.94512
1.42822 7.0453
2.41462 7.20967
3.40102 7.37403
4.31523 7.77927
5.22944 8.18452
6.21584 8.34888
