0 0
1 0
1.96194 -0.273275
2.96093 -0.228337
3.95992 -0.183398
4.63464 0.554672
5.30937 1.29274
6.30836 1.33768
-0.0449389 0.99899
0.955061 0.99899
1.917 0.725714
2.91599 0.770653
3.91498 0.815592
4.5897 1.55366
5.26443 2.29173
6.26342 2.33667
-0.0898778 1.99798
0.910122 1.99798
1.87206 1.7247
2.87105 1.76964
3.87004 1.81458
4.54476 2.55265
5.21949 3.29072
6.21848 3.33566
0.584629 2.73625
1.58463 2.73625
2.54656 2.46297
3.54555 2.50791
4.54454 2.55285
5.21927 3.29092
5.89399 4.02899
6.89298 4.07393
0.53969 3.73524
1.53969 3.73524
2.50163 3.46196
3.50062 3.5069
4.49961 3.55184
5.17433 4.28991
5.84906 5.02798
6.84804 5.07292
0.812965 4.69717
1.81297 4.69717
2.7749 4.4239
3.77389 4.46884
4.77288 4.51378
5.44761 5.25185
6.12233 5.98991
7.12132 6.03485
1.08624 5.65911
2.08624 5.65911
3.04818 5.38583
4.04717 5.43077
5.04616 5.47571
5.72088 6.21378
6.39561 6.95185
7.3946 6.99679
1.76075 6.39738
2.76075 6.39738
3.72268 6.1241
4.72167 6.16904
5.72066 6.21398
6.39539 6.95205
7.07011 7.69012
8.0691 7.73506
