0 0
1 0
1.99415 0.108025
2.9827 0.258897
3.97125 0.409768
4.89365 0.796006
5.81605 1.18224
6.80461 1.33311
-0.150872 0.988553
0.849128 0.988553
1.84328 1.09658
2.83183 1.24745
3.82038 1.39832
4.74278 1.78456
5.66518 2.1708
6.65374 2.32167
-0.301743 1.97711
0.698257 1.97711
1.6924 2.08513
2.68096 2.236
3.66951 2.38688
4.59191 2.77311
5.51431 3.15935
6.50286 3.31022
-0.247208 2.97562
0.752792 2.97562
1.74694 3.08364
2.73549 3.23452
3.72405 3.38539
4.64645 3.77162
5.56885 4.15786
6.5574 4.30873
-0.398079 3.96417
0.601921 3.96417
1.59607 4.0722
2.58462 4.22307
3.57318 4.37394
4.49558 4.76018
5.41797 5.14641
6.40653 5.29729
-0.506104 4.95832
0.493896 4.95832
1.48804 5.06635
2.4766 5.21722
3.46515 5.36809
4.38755 5.75433
5.30995 6.14056
6.2985 6.29143
-0.61413 5.95247
0.38587 5.95247
1.38002 6.06049
2.36857 6.21136
3.35713 6.36224
4.27952 6.74847
5.20192 7.13471
6.19048 7.28558
-0.559594 6.95098
0.440406 6.95098
1.43455 7.05901
2.42311 7.20988
3.41166 7.36075
4.33406 7.74699
5.25646 8.13322
6.24501 8.28409
