0 0
1 0
1.99448 0.104944
2.98462 0.244979
3.97477 0.385013
4.91027 0.738353
5.84576 1.09169
6.83591 1.23173
-0.140035 0.990147
0.859965 0.990147
1.85444 1.09509
2.84459 1.23513
3.83474 1.37516
4.77023 1.7285
5.70573 2.08184
6.69587 2.22187
-0.280069 1.98029
0.719931 1.98029
1.71441 2.08524
2.70456 2.22527
3.6947 2.36531
4.6302 2.71865
5.56569 3.07199
6.55584 3.21202
-0.238642 2.97943
0.761358 2.97943
1.75584 3.08438
2.74598 3.22441
3.73613 3.36445
4.67162 3.71779
5.60712 4.07113
6.59727 4.21116
-0.378677 3.96958
0.621323 3.96958
1.6158 4.07453
2.60595 4.21456
3.59609 4.35459
4.53159 4.70793
5.46708 5.06128
6.45723 5.20131
-0.483621 4.96406
0.516379 4.96406
1.51086 5.069
2.501 5.20904
3.49115 5.34907
4.42665 5.70241
5.36214 6.05575
6.35229 6.19579
-0.588565 5.95854
0.411435 5.95854
1.40591 6.06348
2.39606 6.20352
3.38621 6.34355
4.3217 6.69689
5.2572 7.05023
6.24734 7.19027
-0.547139 6.95768
0.452861 6.95768
1.44734 7.06262
2.43749 7.20266
3.42763 7.34269
4.36313 7.69603
5.29862 8.04937
6.28877 8.18941
