0 0
1 0
1.99478 0.102017
2.98717 0.225175
3.97956 0.348333
4.93073 0.656982
5.88191 0.965631
6.8743 1.08879
-0.123158 0.992387
0.876842 0.992387
1.87162 1.0944
2.86401 1.21756
3.8564 1.34072
4.80757 1.64937
5.75875 1.95802
6.75114 2.08118
-0.246316 1.98477
0.753684 1.98477
1.74847 2.08679
2.74085 2.20995
3.73324 2.33311
4.68442 2.64176
5.63559 2.9504
6.62798 3.07356
-0.22072 2.98445
0.77928 2.98445
1.77406 3.08646
2.76645 3.20962
3.75884 3.33278
4.71001 3.64143
5.66119 3.95008
6.65358 4.07324
-0.343878 3.97683
0.656122 3.97683
1.6509 4.07885
2.64329 4.20201
3.63568 4.32517
4.58686 4.63382
5.53803 4.94246
6.53042 5.06562
-0.445895 4.97162
0.554105 4.97162
1.54889 5.07363
2.54127 5.19679
3.53366 5.31995
4.48484 5.6286
5.43601 5.93725
6.4284 6.0604
-0.547912 5.9664
0.452088 5.9664
1.44687 6.06842
2.43926 6.19157
3.43164 6.31473
4.38282 6.62338
5.334 6.93203
6.32638 7.05519
-0.522315 6.96607
0.477685 6.96607
1.47247 7.06809
2.46485 7.19125
3.45724 7.3144
4.40842 7.62305
5.35959 7.9317
6.35198 8.05486
