0 0
1 0
1.99736 0.0726555
2.99087 0.186393
3.98438 0.300131
4.9562 0.535854
5.92802 0.771577
6.92153 0.885315
-0.113738 0.993511
0.886262 0.993511
1.88362 1.06617
2.87713 1.1799
3.87064 1.29364
4.84246 1.52937
5.81428 1.76509
6.80779 1.87883
-0.227476 1.98702
0.772524 1.98702
1.76988 2.05968
2.76339 2.17342
3.7569 2.28715
4.72872 2.52288
5.70054 2.7586
6.69405 2.87234
-0.220364 2.987
0.779636 2.987
1.77699 3.05965
2.7705 3.17339
3.76402 3.28713
4.73584 3.52285
5.70766 3.75857
6.70117 3.87231
-0.334101 3.98051
0.665899 3.98051
1.66326 4.05316
2.65677 4.1669
3.65028 4.28064
4.6221 4.51636
5.59392 4.75208
6.58743 4.86582
-0.406757 4.97786
0.593243 4.97786
1.5906 5.05052
2.58411 5.16426
3.57762 5.278
4.54944 5.51372
5.52126 5.74944
6.51477 5.86318
-0.479412 5.97522
0.520588 5.97522
1.51794 6.04788
2.51146 6.16161
3.50497 6.27535
4.47679 6.51108
5.44861 6.7468
6.44212 6.86054
-0.4723 6.9752
0.5277 6.9752
1.52506 7.04785
2.51857 7.16159
3.51208 7.27533
4.4839 7.51105
5.45572 7.74677
6.44923 7.86051
