0 0
1 0
1.99796 0.0637746
2.99355 0.157636
3.98913 0.251498
4.97206 0.435519
5.95498 0.61954
6.95056 0.713401
-0.0938615 0.995585
0.906139 0.995585
1.9041 1.05936
2.89969 1.15322
3.89527 1.24708
4.8782 1.4311
5.86112 1.61512
6.8567 1.70899
-0.187723 1.99117
0.812277 1.99117
1.81024 2.05495
2.80583 2.14881
3.80141 2.24267
4.78433 2.42669
5.76726 2.61071
6.76284 2.70457
-0.192495 2.99116
0.807505 2.99116
1.80547 3.05493
2.80105 3.1488
3.79664 3.24266
4.77956 3.42668
5.76248 3.6107
6.75807 3.70456
-0.286356 3.98674
0.713644 3.98674
1.71161 4.05052
2.70719 4.14438
3.70278 4.23824
4.6857 4.42226
5.66862 4.60628
6.66421 4.70015
-0.350131 4.98471
0.649869 4.98471
1.64783 5.04848
2.64342 5.14234
3.639 5.23621
4.62193 5.42023
5.60485 5.60425
6.60043 5.69811
-0.413905 5.98267
0.586095 5.98267
1.58406 6.04645
2.57964 6.14031
3.57523 6.23417
4.55815 6.41819
5.54107 6.60221
6.53666 6.69607
-0.418677 6.98266
0.581323 6.98266
1.57929 7.04644
2.57487 7.1403
3.57046 7.23416
4.55338 7.41818
5.5363 7.6022
6.53189 7.69606
