0 0
1 0
1.99754 0.0700988
2.99471 0.145336
3.99187 0.220574
4.97866 0.382593
5.96545 0.544612
6.96261 0.619849
-0.0752375 0.997166
0.924763 0.997166
1.9223 1.06726
2.91947 1.1425
3.91663 1.21774
4.90342 1.37976
5.89021 1.54178
6.88737 1.61702
-0.150475 1.99433
0.849525 1.99433
1.84707 2.06443
2.84423 2.13967
3.8414 2.21491
4.82818 2.37692
5.81497 2.53894
6.81214 2.61418
-0.158572 2.9943
0.841428 2.9943
1.83897 3.0644
2.83613 3.13963
3.8333 3.21487
4.82009 3.37689
5.80687 3.53891
6.80404 3.61415
-0.23381 3.99146
0.76619 3.99146
1.76373 4.06156
2.7609 4.1368
3.75806 4.21204
4.74485 4.37406
5.73164 4.53608
6.7288 4.61131
-0.303909 4.989
0.696091 4.989
1.69363 5.0591
2.6908 5.13434
3.68796 5.20958
4.67475 5.3716
5.66154 5.53362
6.6587 5.60885
-0.374007 5.98654
0.625993 5.98654
1.62353 6.05664
2.6207 6.13188
3.61786 6.20712
4.60465 6.36914
5.59144 6.53116
6.5886 6.60639
-0.382105 6.98651
0.617895 6.98651
1.61544 7.05661
2.6126 7.13185
3.60977 7.20709
4.59655 7.3691
5.58334 7.53112
6.58051 7.60636
