0 0
1 0
1.99993 -0.0117079
2.99389 0.0980673
3.98784 0.207843
4.98046 0.329172
5.97307 0.450502
6.96703 0.560277
-0.109775 0.993956
0.890225 0.993956
1.89016 0.982249
2.88411 1.09202
3.87807 1.2018
4.87068 1.32313
5.86329 1.44446
6.85725 1.55423
-0.21955 1.98791
0.78045 1.98791
1.78038 1.9762
2.77434 2.08598
3.76829 2.19576
4.76091 2.31709
5.75352 2.43841
6.74747 2.54819
-0.240404 2.9877
0.759596 2.9877
1.75953 2.97599
2.75348 3.08576
3.74744 3.19554
4.74005 3.31687
5.73267 3.4382
6.72662 3.54797
-0.350179 3.98165
0.649821 3.98165
1.64975 3.96994
2.64371 4.07972
3.63767 4.18949
4.63028 4.31082
5.62289 4.43215
6.61685 4.54193
-0.338471 4.98158
0.661529 4.98158
1.66146 4.96988
2.65542 5.07965
3.64937 5.18943
4.64199 5.31076
5.6346 5.43209
6.62855 5.54186
-0.326763 5.98151
0.673237 5.98151
1.67317 5.96981
2.66712 6.07958
3.66108 6.18936
4.65369 6.31069
5.64631 6.43202
6.64026 6.54179
-0.347616 6.9813
0.652384 6.9813
1.65232 6.96959
2.64627 7.07936
3.64023 7.18914
4.63284 7.31047
5.62545 7.4318
6.61941 7.54157
