0 0
1 0
1.99841 0.0563933
2.99719 0.105719
3.99597 0.155044
4.98424 0.307771
5.97251 0.460497
6.97129 0.509823
-0.0493256 0.998783
0.950674 0.998783
1.94908 1.05518
2.94787 1.1045
3.94665 1.15383
4.93492 1.30655
5.92319 1.45928
6.92197 1.50861
-0.0986512 1.99757
0.901349 1.99757
1.89976 2.05396
2.89854 2.10328
3.89732 2.15261
4.88559 2.30534
5.87386 2.45806
6.87264 2.50739
-0.134489 2.99692
0.865511 2.99692
1.86392 3.05332
2.8627 3.10264
3.86149 3.15197
4.84975 3.30469
5.83802 3.45742
6.8368 3.50675
-0.183815 3.99571
0.816185 3.99571
1.81459 4.0521
2.81338 4.10142
3.81216 4.15075
4.80043 4.30348
5.7887 4.4562
6.78748 4.50553
-0.240208 4.99411
0.759792 4.99411
1.7582 5.05051
2.75698 5.09983
3.75577 5.14916
4.74403 5.30189
5.7323 5.45461
6.73109 5.50394
-0.296601 5.99252
0.703399 5.99252
1.70181 6.04892
2.70059 6.09824
3.69937 6.14757
4.68764 6.30029
5.67591 6.45302
6.67469 6.50235
-0.332439 6.99188
0.667561 6.99188
1.66597 7.04827
2.66475 7.0976
3.66354 7.14693
4.6518 7.29965
5.64007 7.45238
6.63885 7.5017
