0 0
1 0
2 0.000275221
2.99293 0.118979
3.98586 0.237682
4.98334 0.308613
5.98082 0.379544
6.97375 0.498247
-0.118703 0.99293
0.881297 0.99293
1.8813 0.993205
2.87423 1.11191
3.86716 1.23061
4.86464 1.30154
5.86212 1.37247
6.85505 1.49118
-0.237407 1.98586
0.762593 1.98586
1.76259 1.98613
2.75552 2.10484
3.74845 2.22354
4.74593 2.29447
5.74342 2.3654
6.73634 2.48411
-0.221661 2.98574
0.778339 2.98574
1.77834 2.98601
2.77127 3.10471
3.7642 3.22342
4.76168 3.29435
5.75916 3.36528
6.75209 3.48398
-0.340364 3.97867
0.659636 3.97867
1.65964 3.97894
2.65257 4.09764
3.6455 4.21635
4.64298 4.28728
5.64046 4.35821
6.63339 4.47691
-0.34064 4.97867
0.65936 4.97867
1.65936 4.97894
2.65229 5.09764
3.64522 5.21635
4.6427 5.28728
5.64018 5.35821
6.63311 5.47691
-0.340915 5.97867
0.659085 5.97867
1.65909 5.97894
2.65201 6.09764
3.64494 6.21635
4.64243 6.28728
5.63991 6.35821
6.63284 6.47691
-0.325169 6.97854
0.674831 6.97854
1.67483 6.97882
2.66776 7.09752
3.66069 7.21622
4.65817 7.28715
5.65565 7.35808
6.64858 7.47679
