0 0
1 0
1.99905 0.0435643
2.99749 0.0994022
3.99593 0.15524
4.98998 0.264147
5.98403 0.373055
6.98247 0.428893
-0.0558379 0.99844
0.944162 0.99844
1.94321 1.042
2.94165 1.09784
3.94009 1.15368
4.93414 1.26259
5.9282 1.37149
6.92664 1.42733
-0.111676 1.99688
0.888324 1.99688
1.88737 2.04044
2.88581 2.09628
3.88425 2.15212
4.87831 2.26103
5.87236 2.36993
6.8708 2.42577
-0.130621 2.9967
0.869379 2.9967
1.86843 3.04026
2.86687 3.0961
3.86531 3.15194
4.85936 3.26085
5.85341 3.36975
6.85185 3.42559
-0.186459 3.99514
0.813541 3.99514
1.81259 4.0387
2.81103 4.09454
3.80947 4.15038
4.80352 4.25929
5.79758 4.36819
6.79602 4.42403
-0.230023 4.99419
0.769977 4.99419
1.76903 5.03776
2.76747 5.09359
3.76591 5.14943
4.75996 5.25834
5.75401 5.36725
6.75245 5.42308
-0.273587 5.99324
0.726413 5.99324
1.72546 6.03681
2.7239 6.09264
3.72234 6.14848
4.71639 6.25739
5.71045 6.3663
6.70889 6.42213
-0.292532 6.99306
0.707468 6.99306
1.70652 7.03663
2.70496 7.09246
3.7034 7.1483
4.69745 7.25721
5.6915 7.36612
6.68994 7.42195
