0 0
1 0
1.96405 -0.265717
2.96266 -0.212938
3.96126 -0.16016
4.63015 0.583206
5.29903 1.32657
6.29764 1.37935
-0.0527785 0.998606
0.947222 0.998606
1.91127 0.732889
2.90988 0.785668
3.90849 0.838446
4.57737 1.58181
5.24626 2.32518
6.24486 2.37796
-0.105557 1.99721
0.894443 1.99721
1.85849 1.7315
2.8571 1.78427
3.85571 1.83705
4.52459 2.58042
5.19348 3.32378
6.19208 3.37656
0.56316 2.74073
1.56316 2.74073
2.52721 2.47501
3.52582 2.52779
4.52442 2.58057
5.19331 3.32394
5.86219 4.0673
6.8608 4.12008
0.510382 3.73934
1.51038 3.73934
2.47443 3.47362
3.47304 3.5264
4.47165 3.57918
5.14053 4.32254
5.80942 5.06591
6.80802 5.11869
0.776098 4.70339
1.7761 4.70339
2.74015 4.43767
3.73876 4.49045
4.73736 4.54323
5.40625 5.28659
6.07513 6.02996
7.07374 6.08274
1.04182 5.66744
2.04182 5.66744
3.00587 5.40172
4.00447 5.4545
5.00308 5.50728
5.67196 6.25064
6.34085 6.99401
7.33946 7.04679
1.71053 6.41095
2.71053 6.41095
3.67458 6.14524
4.67319 6.19802
5.6718 6.2508
6.34068 6.99416
7.00957 7.73753
8.00817 7.7903
