0 0
1 0
1.99949 0.0319174
2.99518 0.124656
3.99087 0.217394
4.98887 0.280584
5.98687 0.343774
6.98257 0.436513
-0.0927382 0.995691
0.907262 0.995691
1.90675 1.02761
2.90244 1.12035
3.89813 1.21308
4.89613 1.27627
5.89414 1.33946
6.88983 1.4322
-0.185476 1.99138
0.814524 1.99138
1.81401 2.0233
2.8097 2.11604
3.8054 2.20877
4.8034 2.27197
5.8014 2.33516
6.79709 2.42789
-0.160763 2.99108
0.839237 2.99108
1.83873 3.02299
2.83442 3.11573
3.83011 3.20847
4.82811 3.27166
5.82611 3.33485
6.8218 3.42759
-0.253501 3.98677
0.746499 3.98677
1.74599 4.01868
2.74168 4.11142
3.73737 4.20416
4.73537 4.26735
5.73337 4.33054
6.72906 4.42328
-0.285419 4.98626
0.714581 4.98626
1.71407 5.01817
2.70976 5.11091
3.70545 5.20365
4.70345 5.26684
5.70146 5.33003
6.69715 5.42277
-0.317336 5.98575
0.682664 5.98575
1.68215 6.01766
2.67784 6.1104
3.67354 6.20314
4.67154 6.26633
5.66954 6.32952
6.66523 6.42226
-0.292623 6.98544
0.707377 6.98544
1.70687 7.01736
2.70256 7.1101
3.69825 7.20284
4.69625 7.26603
5.69425 7.32922
6.68994 7.42195
