0 0
1 0
1.99591 0.090364
2.99582 0.10377
3.99573 0.117175
4.98623 0.254716
5.97672 0.392257
6.97663 0.405663
-0.0134058 0.99991
0.986594 0.99991
1.9825 1.09027
2.98241 1.10368
3.98232 1.11709
4.97282 1.25463
5.96332 1.39217
6.96323 1.40557
-0.0268114 1.99982
0.973189 1.99982
1.9691 2.09018
2.96901 2.10359
3.96892 2.117
4.95941 2.25454
5.94991 2.39208
6.94982 2.40548
-0.0402241 2.99973
0.959776 2.99973
1.95568 3.09009
2.95559 3.1035
3.9555 3.11691
4.946 3.25445
5.9365 3.39199
6.93641 3.40539
-0.0536299 3.99964
0.94637 3.99964
1.94228 4.09
2.94219 4.10341
3.9421 4.11682
4.9326 4.25436
5.92309 4.3919
6.923 4.4053
-0.143994 4.99555
0.856006 4.99555
1.85191 5.08591
2.85183 5.09932
3.85174 5.11272
4.84223 5.25027
5.83273 5.38781
6.83264 5.40121
-0.234358 5.99146
0.765642 5.99146
1.76155 6.08182
2.76146 6.09523
3.76137 6.10863
4.75187 6.24617
5.74236 6.38372
6.74227 6.39712
-0.247771 6.99137
0.752229 6.99137
1.74814 7.08173
2.74805 7.09514
3.74796 7.10854
4.73845 7.24608
5.72895 7.38363
6.72886 7.39703
