0 0
1 0
1.96663 -0.256179
2.96467 -0.193536
3.9627 -0.130893
4.6242 0.619049
5.28571 1.36899
6.28374 1.43163
-0.0626427 0.998036
0.937357 0.998036
1.90399 0.741857
2.90202 0.8045
3.90006 0.867143
4.56156 1.61708
5.22307 2.36703
6.2211 2.42967
-0.125285 1.99607
0.874715 1.99607
1.84134 1.73989
2.83938 1.80254
3.83742 1.86518
4.49892 2.61512
5.16042 3.36506
6.15846 3.42771
0.536057 2.74616
1.53606 2.74616
2.50269 2.48998
3.50072 2.55262
4.49876 2.61526
5.16026 3.3652
5.82177 4.11515
6.8198 4.17779
0.473414 3.74419
1.47341 3.74419
2.44004 3.48801
3.43808 3.55066
4.43612 3.6133
5.09762 4.36324
5.75912 5.11318
6.75716 5.17583
0.729593 4.71082
1.72959 4.71082
2.69622 4.45464
3.69426 4.51729
4.69229 4.57993
5.3538 5.32987
6.0153 6.07981
7.01334 6.14246
0.985772 5.67745
1.98577 5.67745
2.9524 5.42127
3.95044 5.48392
4.94847 5.54656
5.60998 6.2965
6.27148 7.04644
7.26952 7.10908
1.64711 6.42754
2.64711 6.42754
3.61374 6.17136
4.61178 6.234
5.60982 6.29664
6.27132 7.04658
6.93282 7.79653
7.93086 7.85917
