0 0
1 0
1.99958 0.0289626
2.99813 0.0828022
3.99668 0.136642
4.98839 0.265162
5.98009 0.393682
6.97864 0.447521
-0.0538396 0.99855
0.94616 0.99855
1.94574 1.02751
2.94429 1.08135
3.94284 1.13519
4.93455 1.26371
5.92625 1.39223
6.9248 1.44607
-0.107679 1.9971
0.892321 1.9971
1.8919 2.02606
2.89045 2.0799
3.889 2.13374
4.88071 2.26226
5.87241 2.39078
6.87096 2.44462
-0.0876261 2.9969
0.912374 2.9969
1.91195 3.02586
2.9105 3.0797
3.90905 3.13354
4.90076 3.26206
5.89247 3.39058
6.89102 3.44442
-0.141466 3.99545
0.858534 3.99545
1.85811 4.02441
2.85666 4.07825
3.85521 4.13209
4.84692 4.26061
5.83863 4.38913
6.83718 4.44297
-0.170428 4.99503
0.829572 4.99503
1.82915 5.02399
2.8277 5.07783
3.82625 5.13167
4.81796 5.26019
5.80967 5.38871
6.80821 5.44255
-0.199391 5.99461
0.800609 5.99461
1.80019 6.02357
2.79874 6.07741
3.79729 6.13125
4.789 6.25977
5.7807 6.38829
6.77925 6.44213
-0.179338 6.99441
0.820662 6.99441
1.82024 7.02337
2.81879 7.07721
3.81734 7.13105
4.80905 7.25957
5.80076 7.38809
6.79931 7.44193
