0 0
1 0
1.96856 -0.248765
2.96609 -0.178478
3.96362 -0.108191
4.61936 0.646791
5.27511 1.40177
6.27264 1.47206
-0.0702872 0.997527
0.929713 0.997527
1.89828 0.748761
2.8958 0.819049
3.89333 0.889336
4.54908 1.64432
5.20482 2.3993
6.20235 2.46959
-0.140574 1.99505
0.859426 1.99505
1.82799 1.74629
2.82552 1.81658
3.82304 1.88686
4.47879 2.64184
5.13453 3.39683
6.13206 3.46711
0.514995 2.75019
1.51499 2.75019
2.48356 2.50142
3.48109 2.57171
4.47861 2.642
5.13436 3.39698
5.7901 4.15196
6.78763 4.22225
0.444708 3.74772
1.44471 3.74772
2.41327 3.49895
3.4108 3.56924
4.40833 3.63952
5.06407 4.39451
5.71982 5.14949
6.71734 5.21978
0.693473 4.71628
1.69347 4.71628
2.66204 4.46751
3.65956 4.5378
4.65709 4.60809
5.31284 5.36307
5.96858 6.11805
6.96611 6.18834
0.942238 5.68484
1.94224 5.68484
2.9108 5.43608
3.90833 5.50636
4.90586 5.57665
5.5616 6.33163
6.21735 7.08662
7.21487 7.1569
1.59781 6.43998
2.59781 6.43998
3.56637 6.19121
4.5639 6.2615
5.56142 6.33179
6.21717 7.08677
6.87292 7.84175
7.87044 7.91204
