0 0
1 0
1.97038 -0.241579
2.96736 -0.1639
3.96434 -0.0862204
4.61449 0.673583
5.26464 1.43339
6.26162 1.51106
-0.0776793 0.996978
0.922321 0.996978
1.8927 0.755399
2.88968 0.833079
3.88666 0.910758
4.53681 1.67056
5.18697 2.43036
6.18394 2.50804
-0.155359 1.99396
0.844641 1.99396
1.81502 1.75238
2.812 1.83006
3.80898 1.90774
4.45913 2.66754
5.10929 3.42734
6.10626 3.50502
0.494573 2.75395
1.49457 2.75395
2.46495 2.51237
3.46193 2.59005
4.45891 2.66773
5.10906 3.42753
5.75922 4.18733
6.7562 4.26501
0.416894 3.75093
1.41689 3.75093
2.38727 3.50935
3.38425 3.58703
4.38123 3.66471
5.03139 4.42451
5.68154 5.18431
6.67852 5.26199
0.658473 4.72131
1.65847 4.72131
2.62885 4.47973
3.62583 4.55741
4.62281 4.63509
5.27296 5.39489
5.92312 6.15469
6.9201 6.23237
0.900052 5.69169
1.90005 5.69169
2.87043 5.45011
3.86741 5.52779
4.86439 5.60547
5.51454 6.36527
6.1647 7.12508
7.16167 7.20275
1.54998 6.45168
2.54998 6.45168
3.52036 6.2101
4.51734 6.28778
5.51432 6.36546
6.16448 7.12527
6.81463 7.88507
7.81161 7.96275
