0 0
1 0
1.9716 -0.23662
2.96817 -0.15385
3.96474 -0.0710806
4.61111 0.691944
5.25748 1.45497
6.25405 1.53774
-0.0827697 0.996569
0.91723 0.996569
1.88883 0.759949
2.8854 0.842718
3.88197 0.925488
4.52834 1.68851
5.17471 2.45154
6.17128 2.53431
-0.165539 1.99314
0.834461 1.99314
1.80606 1.75652
2.80263 1.83929
3.7992 1.92206
4.44557 2.68508
5.09194 3.44811
6.08851 3.53088
0.480398 2.75653
1.4804 2.75653
2.452 2.51991
3.44857 2.60268
4.44514 2.68545
5.09151 3.44847
5.73788 4.2115
6.73445 4.29427
0.397628 3.7531
1.39763 3.7531
2.36923 3.51648
3.3658 3.59925
4.36237 3.68202
5.00874 4.44504
5.65511 5.20806
6.65168 5.29083
0.634248 4.7247
1.63425 4.7247
2.60585 4.48808
3.60242 4.57085
4.59899 4.65362
5.24536 5.41664
5.89173 6.17967
6.8883 6.26244
0.870868 5.6963
1.87087 5.6963
2.84247 5.45968
3.83904 5.54245
4.83561 5.62522
5.48198 6.38824
6.12835 7.15127
7.12492 7.23404
1.51681 6.45969
2.51681 6.45969
3.48841 6.22307
4.48498 6.30584
5.48155 6.38861
6.12791 7.15164
6.77428 7.91466
7.77085 7.99743
