0 0
1 0
1.97679 -0.214194
2.97325 -0.13006
3.96968 -0.0456779
4.67378 0.664418
5.37789 1.37451
6.37432 1.4589
-0.0843821 0.996433
0.915618 0.996433
1.89241 0.782239
2.88886 0.866373
3.8853 0.950756
4.5894 1.66085
5.29351 2.37095
6.28994 2.45533
-0.168517 1.99289
0.831483 1.99289
1.80827 1.77869
2.80473 1.86283
3.80116 1.94721
4.50527 2.65731
5.20937 3.3674
6.20581 3.45178
0.415725 2.80447
1.41572 2.80447
2.39252 2.59027
3.38897 2.67441
4.3854 2.75879
5.08951 3.46889
5.79361 4.17898
6.79005 4.26336
0.331343 3.8009
1.33134 3.8009
2.30813 3.58671
3.30459 3.67084
4.30102 3.75522
5.00513 4.46532
5.70923 5.17542
6.70567 5.2598
0.545537 4.77769
1.54554 4.77769
2.52233 4.5635
3.51878 4.64763
4.51522 4.73201
5.21932 5.44211
5.92343 6.15221
6.91986 6.23659
0.759732 5.75448
1.75973 5.75448
2.73652 5.54029
3.73298 5.62442
4.72941 5.70881
5.43352 6.4189
6.13762 7.129
7.13405 7.21338
1.34397 6.56606
2.34397 6.56606
3.32076 6.35187
4.31722 6.436
5.31365 6.52039
6.01776 7.23048
6.72186 7.94058
7.7183 8.02496
