0 0
1 0
1.99175 -0.128218
2.9884 -0.0464513
3.98613 0.0207895
4.79199 0.6129
5.59785 1.20501
6.59558 1.27225
-0.0672408 0.997737
0.932759 0.997737
1.92451 0.869519
2.92116 0.951286
3.91889 1.01853
4.72475 1.61064
5.53061 2.20275
6.52834 2.26999
-0.149007 1.99439
0.850993 1.99439
1.84274 1.86617
2.83939 1.94794
3.83713 2.01518
4.64298 2.60729
5.44884 3.1994
6.44658 3.26664
0.29501 2.89041
1.29501 2.89041
2.28676 2.76219
3.28341 2.84396
4.28114 2.9112
5.087 3.50331
5.89286 4.09542
6.8906 4.16266
0.227769 3.88814
1.22777 3.88814
2.21952 3.75993
3.21617 3.84169
4.2139 3.90893
5.01976 4.50104
5.82562 5.09315
6.82335 5.16039
0.355987 4.87989
1.35599 4.87989
2.34773 4.75167
3.34438 4.83344
4.34212 4.90068
5.14798 5.49279
5.95384 6.0849
6.95157 6.15214
0.484205 5.87164
1.4842 5.87164
2.47595 5.74342
3.4726 5.82518
4.47034 5.89242
5.2762 6.48454
6.08205 7.07665
7.07979 7.14389
0.928222 6.76765
1.92822 6.76765
2.91997 6.63944
3.91662 6.7212
4.91436 6.78844
5.72021 7.38055
6.52607 7.97266
7.52381 8.0399
