0 0
1 0
1.99604 -0.0888888
2.9924 -0.00366361
3.98876 0.0815616
4.84787 0.593353
5.70698 1.10515
6.70335 1.19037
-0.0852252 0.996362
0.914775 0.996362
1.91082 0.907473
2.90718 0.992698
3.90354 1.07792
4.76265 1.58972
5.62176 2.10151
6.61812 2.18673
-0.17045 1.99272
0.82955 1.99272
1.82559 1.90383
2.82195 1.98906
3.81831 2.07429
4.67742 2.58608
5.53653 3.09787
6.5329 3.18309
0.186344 2.92691
1.18634 2.92691
2.18239 2.83802
3.17875 2.92324
4.17511 3.00847
5.03422 3.52026
5.89333 4.03205
6.88969 4.11728
0.101119 3.92327
1.10112 3.92327
2.09716 3.83438
3.09352 3.9196
4.08988 4.00483
4.94899 4.51662
5.8081 5.02841
6.80446 5.11364
0.190007 4.91931
1.19001 4.91931
2.18605 4.83042
3.18241 4.91565
4.17877 5.00087
5.03788 5.51266
5.89699 6.02445
6.89335 6.10968
0.278896 5.91535
1.2789 5.91535
2.27494 5.82646
3.2713 5.91169
4.26766 5.99691
5.12677 6.5087
5.98588 7.0205
6.98224 7.10572
0.63569 6.84953
1.63569 6.84953
2.63173 6.76065
3.62809 6.84587
4.62446 6.9311
5.48356 7.44289
6.34267 7.95468
7.33904 8.0399
