0 0
1 0
1.99762 -0.0688875
2.99451 0.00992224
3.9914 0.0887319
4.86221 0.580354
5.73302 1.07198
6.72991 1.15079
-0.0788097 0.99689
0.92119 0.99689
1.91881 0.928002
2.9157 1.00681
3.91259 1.08562
4.7834 1.57724
5.65421 2.06887
6.6511 2.14768
-0.157619 1.99378
0.842381 1.99378
1.84001 1.92489
2.83689 2.0037
3.83378 2.08251
4.70459 2.57413
5.5754 3.06576
6.57229 3.14457
0.171961 2.93791
1.17196 2.93791
2.16959 2.86902
3.16647 2.94783
4.16336 3.02664
5.03417 3.51826
5.90498 4.00988
6.90187 4.08869
0.0931509 3.9348
1.09315 3.9348
2.09078 3.86591
3.08766 3.94472
4.08455 4.02353
4.95536 4.51515
5.82617 5.00677
6.82306 5.08558
0.162038 4.93242
1.16204 4.93242
2.15966 4.86353
3.15655 4.94234
4.15344 5.02115
5.02425 5.51278
5.89506 6.0044
6.89195 6.08321
0.230926 5.93005
1.23093 5.93005
2.22855 5.86116
3.22544 5.93997
4.22233 6.01878
5.09314 6.5104
5.96395 7.00202
6.96084 7.08083
0.560506 6.87417
1.56051 6.87417
2.55813 6.80529
3.55502 6.8841
4.55191 6.96291
5.42272 7.45453
6.29353 7.94615
7.29042 8.02496
