0 0
1 0
1.99859 -0.0531038
2.99592 0.0198749
3.99326 0.0928536
4.88298 0.549349
5.77271 1.00584
6.77004 1.07882
-0.0729787 0.997334
0.927021 0.997334
1.92561 0.94423
2.92294 1.01721
3.92028 1.09019
4.81 1.54668
5.69973 2.00318
6.69706 2.07616
-0.145957 1.99467
0.854043 1.99467
1.85263 1.94156
2.84997 2.01454
3.8473 2.08752
4.73702 2.54402
5.62675 3.00051
6.62408 3.07349
0.138989 2.95321
1.13899 2.95321
2.13758 2.90011
3.13491 2.97309
4.13224 3.04606
5.02197 3.50256
5.9117 3.95905
6.90903 4.03203
0.0660101 3.95054
1.06601 3.95054
2.0646 3.89744
3.06193 3.97042
4.05927 4.0434
4.94899 4.49989
5.83872 4.95639
6.83605 5.02937
0.119114 4.94913
1.11911 4.94913
2.1177 4.89603
3.11504 4.96901
4.11237 5.04199
5.0021 5.49848
5.89182 5.95498
6.88915 6.02796
0.172218 5.94772
1.17222 5.94772
2.17081 5.89462
3.16814 5.9676
4.16547 6.04058
5.0552 6.49707
5.94493 6.95357
6.94226 7.02654
0.457164 6.90627
1.45716 6.90627
2.45575 6.85316
3.45309 6.92614
4.45042 6.99912
5.34015 7.45561
6.22987 7.91211
7.2272 7.98509
