0 0
1 0
1.9996 -0.0283158
2.99736 0.0385465
3.99511 0.105571
4.9036 0.523477
5.81209 0.941384
6.80984 1.00841
-0.0670241 0.997751
0.932976 0.997751
1.93257 0.969436
2.93034 1.0363
3.92809 1.10332
4.83658 1.52123
5.74507 1.93914
6.74282 2.00616
-0.133886 1.99551
0.866114 1.99551
1.86571 1.9672
2.86347 2.03406
3.86123 2.10108
4.76972 2.51899
5.67821 2.9369
6.67596 3.00392
0.110469 2.9652
1.11047 2.9652
2.11007 2.93688
3.10783 3.00375
4.10558 3.07077
5.01407 3.48868
5.92256 3.90658
6.92031 3.97361
0.0434445 3.96295
1.04344 3.96295
2.04304 3.93463
3.04081 4.0015
4.03856 4.06852
4.94705 4.48643
5.85554 4.90433
6.85329 4.97136
0.0717604 4.96255
1.07176 4.96255
2.07136 4.93423
3.06912 5.0011
4.06687 5.06812
4.97536 5.48603
5.88385 5.90393
6.8816 5.97096
0.100076 5.96215
1.10008 5.96215
2.09968 5.93383
3.09744 6.0007
4.09519 6.06772
5.00368 6.48563
5.91217 6.90353
6.90992 6.97056
0.344431 6.93183
1.34443 6.93183
2.34403 6.90352
3.34179 6.97038
4.33954 7.03741
5.24803 7.45531
6.15652 7.87322
7.15428 7.94024
