0 0
1 0
1.99992 -0.0126913
2.99791 0.0505994
3.99591 0.113955
4.91572 0.506305
5.83554 0.898655
6.83353 0.96201
-0.0633553 0.997991
0.936645 0.997991
1.93656 0.9853
2.93456 1.04859
3.93255 1.11195
4.85237 1.5043
5.77218 1.89665
6.77017 1.96
-0.126646 1.99599
0.873354 1.99599
1.87327 1.98329
2.87127 2.04659
3.86926 2.10994
4.78908 2.50229
5.70889 2.89464
6.70688 2.958
0.0965858 2.97075
1.09659 2.97075
2.09651 2.95806
3.0945 3.02135
4.09249 3.08471
5.01231 3.47706
5.93212 3.86941
6.93011 3.93276
0.0332305 3.96874
1.03323 3.96874
2.03315 3.95605
3.03115 4.01934
4.02914 4.0827
4.94895 4.47505
5.86877 4.8674
6.86676 4.93075
0.0459218 4.96866
1.04592 4.96866
2.04584 4.95597
3.04384 5.01926
4.04183 5.08262
4.96164 5.47497
5.88146 5.86732
6.87945 5.93067
0.0586131 5.96858
1.05861 5.96858
2.05853 5.95589
3.05653 6.01918
4.05452 6.08254
4.97433 6.47489
5.89415 6.86724
6.89214 6.93059
0.281845 6.94335
1.28184 6.94335
2.28176 6.93066
3.27976 6.99395
4.27775 7.0573
5.19757 7.44965
6.11738 7.842
7.11537 7.90536
