0 0
1 0
1.99997 -0.00737488
2.99831 0.0502683
3.99665 0.107912
4.9861 0.252766
5.97555 0.39762
6.97389 0.455263
-0.0576432 0.998337
0.942357 0.998337
1.94233 0.990962
2.94067 1.04861
3.939 1.10625
4.92846 1.2511
5.91791 1.39596
6.91625 1.4536
-0.115286 1.99667
0.884714 1.99667
1.88469 1.9893
2.88302 2.04694
3.88136 2.10459
4.87081 2.24944
5.86027 2.39429
6.8586 2.45194
-0.0578404 2.99502
0.94216 2.99502
1.94213 2.98765
2.94047 3.04529
3.93881 3.10293
4.92826 3.24779
5.91771 3.39264
6.91605 3.45029
-0.115484 3.99336
0.884516 3.99336
1.88449 3.98599
2.88283 4.04363
3.88116 4.10127
4.87062 4.24613
5.86007 4.39098
6.85841 4.44862
-0.108109 4.99333
0.891891 4.99333
1.89186 4.98596
2.8902 5.0436
3.88854 5.10124
4.87799 5.2461
5.86744 5.39095
6.86578 5.4486
-0.100734 5.99331
0.899266 5.99331
1.89924 5.98593
2.89758 6.04357
3.89591 6.10122
4.88537 6.24607
5.87482 6.39093
6.87316 6.44857
-0.0432878 6.99165
0.956712 6.99165
1.95669 6.98428
2.95502 7.04192
3.95336 7.09957
4.94281 7.24442
5.93227 7.38927
6.9306 7.44692
