0 0
1 0
2 -0.0022934
2.99825 0.0568266
3.9965 0.115968
4.92696 0.482346
5.85743 0.848725
6.85568 0.907866
-0.0591414 0.99825
0.940859 0.99825
1.94086 0.995956
2.93911 1.05508
3.93736 1.11422
4.86782 1.4806
5.79829 1.84697
6.79654 1.90612
-0.118261 1.9965
0.881739 1.9965
1.88174 1.99421
2.87999 2.05333
3.87824 2.11247
4.8087 2.47885
5.73917 2.84523
6.73742 2.90437
0.0858387 2.97545
1.08584 2.97545
2.08584 2.97316
3.08409 3.03228
4.08234 3.09142
5.0128 3.4578
5.94327 3.82418
6.94152 3.88332
0.0266973 3.9737
1.0267 3.9737
2.02669 3.97141
3.02495 4.03053
4.0232 4.08967
4.95366 4.45605
5.88413 4.82242
6.88238 4.88157
0.0289907 4.9737
1.02899 4.9737
2.02899 4.9714
3.02724 5.03052
4.02549 5.08967
4.95595 5.45604
5.88642 5.82242
6.88467 5.88156
0.0312841 5.97369
1.03128 5.97369
2.03128 5.9714
3.02953 6.03052
4.02778 6.08966
4.95825 6.45604
5.88871 6.82242
6.88696 6.88156
0.235384 6.95264
1.23538 6.95264
2.23538 6.95035
3.23363 7.00947
4.23188 7.06861
5.16235 7.43499
6.09281 7.80137
7.09106 7.86051
