0 0
1 0
1.99978 -0.0211027
2.99717 0.051103
3.99456 0.123309
4.93777 0.455484
5.88099 0.787659
6.87838 0.859865
-0.0722056 0.99739
0.927794 0.99739
1.92757 0.976287
2.92496 1.04849
3.92235 1.1207
4.86557 1.45287
5.80879 1.78505
6.80618 1.85725
-0.144411 1.99478
0.855589 1.99478
1.85537 1.97368
2.85276 2.04588
3.85015 2.11809
4.79336 2.45026
5.73658 2.78244
6.73397 2.85464
0.0442715 2.97682
1.04427 2.97682
2.04405 2.95571
3.04144 3.02792
4.03883 3.10013
4.98205 3.4323
5.92526 3.76448
6.92265 3.83668
-0.0279341 3.97421
0.972066 3.97421
1.97184 3.9531
2.96923 4.02531
3.96662 4.09752
4.90984 4.42969
5.85306 4.76187
6.85045 4.83407
-0.00683148 4.97398
0.993169 4.97398
1.99295 4.95288
2.99034 5.02509
3.98773 5.09729
4.93094 5.42947
5.87416 5.76164
6.87155 5.83385
0.0142712 5.97376
1.01427 5.97376
2.01405 5.95266
3.01144 6.02486
4.00883 6.09707
4.95205 6.42925
5.89526 6.76142
6.89265 6.83363
0.202954 6.9558
1.20295 6.9558
2.20273 6.9347
3.20012 7.0069
4.19751 7.07911
5.14073 7.41128
6.08395 7.74346
7.08134 7.81567
