0 0
1 0
1.99998 -0.0055774
2.99825 0.053301
3.99651 0.112179
4.94533 0.428011
5.89415 0.743843
6.89241 0.802721
-0.0588784 0.998265
0.941122 0.998265
1.94111 0.992688
2.93937 1.05157
3.93764 1.11044
4.88645 1.42628
5.83527 1.74211
6.83353 1.80099
-0.117757 1.99653
0.882243 1.99653
1.88223 1.99095
2.88049 2.04983
3.87876 2.10871
4.82757 2.42454
5.77639 2.74037
6.77465 2.79925
0.059446 2.9807
1.05945 2.9807
2.05943 2.97513
3.0577 3.03401
4.05596 3.09288
5.00478 3.40872
5.95359 3.72455
6.95186 3.78343
0.000567591 3.97897
1.00057 3.97897
2.00055 3.97339
2.99882 4.03227
3.99708 4.09115
4.9459 4.40698
5.89471 4.72281
6.89298 4.78169
0.006145 4.97895
1.00614 4.97895
2.00613 4.97338
3.00439 5.03226
4.00266 5.09113
4.95148 5.40697
5.90029 5.7228
6.89856 5.78168
0.0117224 5.97894
1.01172 5.97894
2.01171 5.97336
3.00997 6.03224
4.00824 6.09112
4.95705 6.40695
5.90587 6.72278
6.90413 6.78166
0.188925 6.96311
1.18893 6.96311
2.18891 6.95754
3.18717 7.01641
4.18544 7.07529
5.13426 7.39112
6.08307 7.70696
7.08134 7.76583
