0 0
1 0
2 0.00129813
2.99876 0.0511197
3.99752 0.100941
4.95097 0.402468
5.90443 0.703995
6.90319 0.753816
-0.0498216 0.998758
0.950178 0.998758
1.95018 1.00006
2.94894 1.04988
3.94769 1.0997
4.90115 1.40123
5.85461 1.70275
6.85337 1.75257
-0.0996431 1.99752
0.900357 1.99752
1.90036 1.99881
2.89911 2.04864
3.89787 2.09846
4.85133 2.39998
5.80479 2.70151
6.80355 2.75133
0.0703247 2.98297
1.07032 2.98297
2.07032 2.98426
3.06908 3.03409
4.06784 3.08391
5.0213 3.38543
5.97476 3.68696
6.97351 3.73678
0.0205031 3.98172
1.0205 3.98172
2.0205 3.98302
3.01926 4.03284
4.01802 4.08267
4.97148 4.38419
5.92493 4.68572
6.92369 4.73554
0.019205 4.98172
1.0192 4.98172
2.0192 4.98302
3.01796 5.03284
4.01672 5.08266
4.97018 5.38419
5.92364 5.68572
6.92239 5.73554
0.0179069 5.98172
1.01791 5.98172
2.01791 5.98302
3.01666 6.03284
4.01542 6.08266
4.96888 6.38419
5.92234 6.68572
6.9211 6.73554
0.187875 6.96717
1.18787 6.96717
2.18787 6.96847
3.18663 7.01829
4.18539 7.06811
5.13885 7.36964
6.09231 7.67117
7.09106 7.72099
