0 0
1 0
1.99996 -0.00884491
2.99883 0.0387973
3.99769 0.0864395
4.95478 0.376221
5.91188 0.666003
6.91074 0.713645
-0.0476422 0.998864
0.952358 0.998864
1.95232 0.99002
2.95118 1.03766
3.95005 1.0853
4.90714 1.37509
5.86423 1.66487
6.8631 1.71251
-0.0952844 1.99773
0.904716 1.99773
1.90468 1.98888
2.90354 2.03653
3.90241 2.08417
4.8595 2.37395
5.81659 2.66373
6.81546 2.71137
0.0745148 2.98321
1.07451 2.98321
2.07448 2.97436
3.07334 3.022
4.0722 3.06965
5.0293 3.35943
5.98639 3.64921
6.98525 3.69685
0.0268726 3.98207
1.02687 3.98207
2.02683 3.97323
3.0257 4.02087
4.02456 4.06851
4.98166 4.35829
5.93875 4.64807
6.93761 4.69572
0.0357175 4.98203
1.03572 4.98203
2.03568 4.97319
3.03454 5.02083
4.03341 5.06847
4.9905 5.35825
5.94759 5.64804
6.94646 5.69568
0.0445624 5.98199
1.04456 5.98199
2.04452 5.97315
3.04339 6.02079
4.04225 6.06843
4.99934 6.35821
5.95644 6.648
6.9553 6.69564
0.214362 6.96747
1.21436 6.96747
2.21432 6.95863
3.21319 7.00627
4.21205 7.05391
5.16914 7.34369
6.12624 7.63348
7.1251 7.68112
