0 0
1 0
1.99983 -0.0185887
2.99896 0.0231452
3.99808 0.0648791
4.95833 0.34403
5.91858 0.62318
6.91771 0.664914
-0.0417339 0.999129
0.958266 0.999129
1.95809 0.98054
2.95722 1.02227
3.95635 1.06401
4.9166 1.34316
5.87685 1.62231
6.87597 1.66404
-0.0834678 1.99826
0.916532 1.99826
1.91636 1.97967
2.91549 2.0214
3.91462 2.06314
4.87486 2.34229
5.83511 2.62144
6.83424 2.66317
0.0909828 2.98292
1.09098 2.98292
2.09081 2.96433
3.08994 3.00607
4.08907 3.0478
5.04931 3.32695
6.00956 3.6061
7.00869 3.64784
0.0492489 3.98205
1.04925 3.98205
2.04908 3.96346
3.0482 4.0052
4.04733 4.04693
5.00758 4.32608
5.96783 4.60523
6.96696 4.64697
0.0678376 4.98188
1.06784 4.98188
2.06766 4.96329
3.06679 5.00502
4.06592 5.04676
5.02617 5.32591
5.98642 5.60506
6.98555 5.64679
0.0864263 5.98171
1.08643 5.98171
2.08625 5.96312
3.08538 6.00485
4.08451 6.04659
5.04476 6.32574
6.00501 6.60489
7.00413 6.64662
0.260877 6.96637
1.26088 6.96637
2.2607 6.94778
3.25983 6.98952
4.25896 7.03125
5.21921 7.3104
6.17946 7.58955
7.17859 7.63129
