0 0
1 0
1.99941 -0.0342546
2.9989 -0.00214422
3.99838 0.0299662
4.96159 0.298735
5.92479 0.567504
6.92428 0.599614
-0.0321104 0.999484
0.96789 0.999484
1.9673 0.96523
2.96679 0.99734
3.96627 1.02945
4.92948 1.29822
5.89268 1.56699
6.89217 1.5991
-0.0642208 1.99897
0.935779 1.99897
1.93519 1.96471
2.93468 1.99682
3.93416 2.02893
4.89737 2.2977
5.86057 2.56647
6.86005 2.59858
0.123038 2.98128
1.12304 2.98128
2.12245 2.94702
3.12194 2.97914
4.12142 3.01125
5.08462 3.28001
6.04783 3.54878
7.04731 3.58089
0.0909273 3.98076
1.09093 3.98076
2.09034 3.94651
3.08982 3.97862
4.08931 4.01073
5.05251 4.2795
6.01572 4.54827
7.0152 4.58038
0.125182 4.98018
1.12518 4.98018
2.1246 4.94592
3.12408 4.97803
4.12356 5.01014
5.08677 5.27891
6.04997 5.54768
7.04946 5.57979
0.159437 5.97959
1.15944 5.97959
2.15885 5.94534
3.15833 5.97745
4.15782 6.00956
5.12102 6.27833
6.08423 6.54709
7.08371 6.5792
0.346695 6.9619
1.34669 6.9619
2.34611 6.92765
3.34559 6.95976
4.34508 6.99187
5.30828 7.26064
6.27149 7.5294
7.27097 7.56152
