0 0
1 0
1.99864 -0.0521618
2.99843 -0.0315253
3.99821 -0.0108887
4.96338 0.250757
5.92854 0.512402
6.92833 0.533039
-0.0206365 0.999787
0.979363 0.999787
1.978 0.947625
2.97779 0.968262
3.97758 0.988898
4.94274 1.25054
5.9079 1.51219
6.90769 1.53283
-0.0412731 1.99957
0.958727 1.99957
1.95737 1.94741
2.95715 1.96805
3.95694 1.98869
4.9221 2.25033
5.88727 2.51198
6.88705 2.53261
0.164757 2.97812
1.16476 2.97812
2.1634 2.92596
3.16318 2.94659
4.16297 2.96723
5.12813 3.22888
6.0933 3.49052
7.09308 3.51116
0.14412 3.97791
1.14412 3.97791
2.14276 3.92575
3.14255 3.94638
4.14233 3.96702
5.1075 4.22866
6.07266 4.49031
7.07245 4.51095
0.196282 4.97655
1.19628 4.97655
2.19492 4.92438
3.19471 4.94502
4.19449 4.96566
5.15966 5.2273
6.12482 5.48895
7.12461 5.50958
0.248444 5.97518
1.24844 5.97518
2.24708 5.92302
3.24687 5.94366
4.24666 5.9643
5.21182 6.22594
6.17698 6.48759
7.17677 6.50822
0.454474 6.95373
1.45447 6.95373
2.45311 6.90157
3.4529 6.9222
4.45269 6.94284
5.41785 7.20449
6.38301 7.46613
7.3828 7.48677
