0 0
1 0
1.99811 -0.0615026
2.99803 -0.0493065
3.99796 -0.0371105
4.96358 0.222833
5.92921 0.482777
6.92913 0.494973
-0.012196 0.999926
0.987804 0.999926
1.98591 0.938423
2.98584 0.950619
3.98576 0.962815
4.95139 1.22276
5.91701 1.4827
6.91694 1.4949
-0.0243921 1.99985
0.975608 1.99985
1.97371 1.93835
2.97364 1.95054
3.97357 1.96274
4.93919 2.22268
5.90481 2.48263
6.90474 2.49482
0.1957 2.97533
1.1957 2.97533
2.19381 2.91383
3.19373 2.92602
4.19366 2.93822
5.15928 3.19816
6.12491 3.45811
7.12483 3.4703
0.183503 3.97526
1.1835 3.97526
2.18161 3.91375
3.18154 3.92595
4.18146 3.93815
5.14709 4.19809
6.11271 4.45803
7.11263 4.47023
0.245006 4.97336
1.24501 4.97336
2.24311 4.91186
3.24304 4.92406
4.24296 4.93625
5.20859 5.1962
6.17421 5.45614
7.17414 5.46834
0.306509 5.97147
1.30651 5.97147
2.30462 5.90997
3.30454 5.92216
4.30447 5.93436
5.27009 6.1943
6.23571 6.45425
7.23564 6.46644
0.5266 6.94695
1.5266 6.94695
2.52471 6.88545
3.52463 6.89764
4.52456 6.90984
5.49018 7.16978
6.45581 7.42973
7.45573 7.44192
