0 0
1 0
1.99778 -0.0665775
2.99778 -0.0660273
3.99778 -0.065477
4.96539 0.186994
5.93299 0.439466
6.93299 0.440016
-0.000550257 1
0.99945 1
1.99723 0.933422
2.99723 0.933973
3.99723 0.934523
4.96484 1.18699
5.93244 1.43947
6.93244 1.44002
-0.00110051 2
0.998899 2
1.99668 1.93342
2.99668 1.93397
3.99668 1.93452
4.96428 2.18699
5.93189 2.43947
6.93189 2.44002
0.228556 2.97327
1.22856 2.97327
2.22634 2.90669
3.22634 2.90724
4.22634 2.90779
5.19394 3.16027
6.16155 3.41274
7.16155 3.41329
0.228006 3.97327
1.22801 3.97327
2.22579 3.90669
3.22579 3.90724
4.22579 3.90779
5.19339 4.16027
6.161 4.41274
7.161 4.41329
0.294583 4.97105
1.29458 4.97105
2.29236 4.90447
3.29236 4.90503
4.29236 4.90558
5.25997 5.15805
6.22757 5.41052
7.22757 5.41107
0.361161 5.96883
1.36116 5.96883
2.35894 5.90226
3.35894 5.90281
4.35894 5.90336
5.32655 6.15583
6.29415 6.4083
7.29415 6.40885
0.590817 6.94211
1.59082 6.94211
2.5886 6.87553
3.5886 6.87608
4.5886 6.87663
5.5562 7.1291
6.52381 7.38157
7.52381 7.38212
