0 0
1 0
1.99987 0.0159107
2.99973 0.0327523
3.99959 0.0495938
4.98003 0.246398
5.96048 0.443203
6.96033 0.460044
-0.0168415 0.999858
0.983158 0.999858
1.98303 1.01577
2.98289 1.03261
3.98275 1.04945
4.96319 1.24626
5.94363 1.44306
6.94349 1.4599
-0.033683 1.99972
0.966317 1.99972
1.96619 2.01563
2.96605 2.03247
3.96591 2.04931
4.94635 2.24611
5.92679 2.44292
6.92665 2.45976
0.0777142 2.99349
1.07771 2.99349
2.07759 3.0094
3.07745 3.02624
4.0773 3.04309
5.05775 3.23989
6.03819 3.4367
7.03805 3.45354
0.0608726 3.99335
1.06087 3.99335
2.06075 4.00926
3.0606 4.0261
4.06046 4.04294
5.04091 4.23975
6.02135 4.43655
7.02121 4.45339
0.0449619 4.99322
1.04496 4.99322
2.04484 5.00913
3.04469 5.02598
4.04455 5.04282
5.02499 5.23962
6.00544 5.43643
7.0053 5.45327
0.0290512 5.9931
1.02905 5.9931
2.02892 6.00901
3.02878 6.02585
4.02864 6.04269
5.00908 6.2395
5.98953 6.4363
6.98938 6.45314
0.140448 6.98687
1.14045 6.98687
2.14032 7.00278
3.14018 7.01963
4.14004 7.03647
5.12048 7.23327
6.10092 7.43008
7.10078 7.44692
