0 0
1 0
1.9972 -0.0747264
2.99711 -0.0882652
3.99702 -0.101804
4.96825 0.136363
5.93947 0.37453
6.93938 0.360991
0.0135388 0.999908
1.01354 0.999908
2.01074 0.925182
3.01065 0.911643
4.01056 0.898104
4.98178 1.13627
5.95301 1.37444
6.95292 1.3609
0.0270775 1.99982
1.02708 1.99982
2.02428 1.92509
3.02419 1.91155
4.0241 1.89801
4.99532 2.13618
5.96655 2.37435
6.96646 2.36081
0.265586 2.97096
1.26559 2.97096
2.26279 2.89623
3.2627 2.88269
4.26261 2.86915
5.23383 3.10732
6.20506 3.34549
7.20496 3.33195
0.279125 3.97087
1.27913 3.97087
2.27633 3.89614
3.27624 3.8826
4.27615 3.86906
5.24737 4.10723
6.21859 4.3454
7.2185 4.33186
0.353852 4.96807
1.35385 4.96807
2.35106 4.89334
3.35096 4.8798
4.35087 4.86627
5.3221 5.10443
6.29332 5.3426
7.29323 5.32906
0.428578 5.96527
1.42858 5.96527
2.42578 5.89055
3.42569 5.87701
4.4256 5.86347
5.39682 6.10164
6.36805 6.3398
7.36796 6.32626
0.667087 6.93641
1.66709 6.93641
2.66429 6.86169
3.6642 6.84815
4.66411 6.83461
5.63533 7.07278
6.60656 7.31094
7.60646 7.2974
