0 0
1 0
1.99481 -0.101731
2.99458 -0.123172
3.99435 -0.144614
4.97234 0.0640289
5.95034 0.272671
6.95011 0.25123
0.0214412 0.99977
1.02144 0.99977
2.01625 0.898039
3.01602 0.876598
4.01579 0.855157
4.99379 1.0638
5.97178 1.27244
6.97155 1.251
0.0428823 1.99954
1.04288 1.99954
2.03769 1.89781
3.03746 1.87637
4.03723 1.85493
5.01523 2.06357
5.99322 2.27221
6.99299 2.25077
0.290652 2.96836
1.29065 2.96836
2.28546 2.86663
3.28523 2.84519
4.285 2.82375
5.263 3.03239
6.24099 3.24103
7.24076 3.21959
0.312093 3.96813
1.31209 3.96813
2.30691 3.8664
3.30668 3.84496
4.30645 3.82352
5.28444 4.03216
6.26243 4.2408
7.2622 4.21936
0.413825 4.96294
1.41382 4.96294
2.40864 4.86121
3.40841 4.83977
4.40818 4.81833
5.38617 5.02697
6.36416 5.23561
7.36393 5.21417
0.515556 5.95775
1.51556 5.95775
2.51037 5.85602
3.51014 5.83458
4.50991 5.81314
5.4879 6.02178
6.46589 6.23042
7.46566 6.20898
0.763326 6.92657
1.76333 6.92657
2.75814 6.82484
3.75791 6.8034
4.75768 6.78196
5.73567 6.9906
6.71366 7.19924
7.71343 7.1778
