0 0
1 0
1.99721 -0.0746722
2.99469 -0.145662
3.99216 -0.216651
4.97287 -0.0211529
5.95357 0.174346
6.95105 0.103356
0.0709896 0.997477
1.07099 0.997477
2.0682 0.922805
3.06567 0.851815
4.06315 0.780826
5.04386 0.976324
6.02456 1.17182
7.02204 1.10083
0.141979 1.99495
1.14198 1.99495
2.13919 1.92028
3.13666 1.84929
4.13414 1.7783
5.11485 1.9738
6.09555 2.1693
7.09303 2.09831
0.407654 2.95902
1.40765 2.95902
2.40486 2.88434
3.40234 2.81336
4.39982 2.74237
5.38052 2.93786
6.36122 3.13336
7.3587 3.06237
0.478643 3.95649
1.47864 3.95649
2.47585 3.88182
3.47333 3.81083
4.47081 3.73984
5.45151 3.93534
6.43221 4.13084
7.42969 4.05985
0.553315 4.9537
1.55332 4.9537
2.55052 4.87903
3.548 4.80804
4.54548 4.73705
5.52618 4.93255
6.50689 5.12805
7.50436 5.05706
0.627988 5.95091
1.62799 5.95091
2.6252 5.87624
3.62267 5.80525
4.62015 5.73426
5.60085 5.92976
6.58156 6.12526
7.57903 6.05427
0.893662 6.91497
1.89366 6.91497
2.89087 6.8403
3.88835 6.76931
4.88582 6.69832
5.86653 6.89382
6.84723 7.08932
7.84471 7.01833
