0 0
1 0
1.99048 -0.13769
2.98829 -0.203717
3.98611 -0.269744
4.97596 -0.127627
5.96581 0.0144888
6.96363 -0.0515381
0.066027 0.997818
1.06603 0.997818
2.0565 0.860128
3.05432 0.794101
4.05214 0.728074
5.04199 0.87019
6.03184 1.01231
7.02966 0.94628
0.132054 1.99564
1.13205 1.99564
2.12253 1.85795
3.12035 1.79192
4.11817 1.72589
5.10801 1.86801
6.09786 2.01012
7.09568 1.9441
0.401502 2.95865
1.4015 2.95865
2.39198 2.82096
3.3898 2.75493
4.38761 2.68891
5.37746 2.83102
6.36731 2.97314
7.36513 2.90711
0.467529 3.95647
1.46753 3.95647
2.458 3.81878
3.45582 3.75275
4.45364 3.68672
5.44349 3.82884
6.43334 3.97096
7.43116 3.90493
0.605219 4.94694
1.60522 4.94694
2.59569 4.80925
3.59351 4.74323
4.59133 4.6772
5.58118 4.81932
6.57103 4.96143
7.56885 4.89541
0.742909 5.93742
1.74291 5.93742
2.73338 5.79973
3.7312 5.7337
4.72902 5.66768
5.71887 5.80979
6.70872 5.95191
7.70654 5.88588
1.01236 6.90043
2.01236 6.90043
3.00283 6.76274
4.00065 6.69672
4.99847 6.63069
5.98832 6.77281
6.97817 6.91492
7.97599 6.8489
