0 0
1 0
1.99342 -0.114538
2.98715 -0.226311
3.98089 -0.338084
4.97268 -0.210253
5.96448 -0.0824231
6.95821 -0.194196
0.111773 0.993734
1.11177 0.993734
2.10519 0.879196
3.09893 0.767423
4.09266 0.65565
5.08446 0.78348
6.07625 0.911311
7.06999 0.799538
0.223546 1.98747
1.22355 1.98747
2.21697 1.87293
3.2107 1.76116
4.20443 1.64938
5.19623 1.77721
6.18802 1.90504
7.18176 1.79327
0.511016 2.94526
1.51102 2.94526
2.50443 2.83072
3.49817 2.71895
4.4919 2.60717
5.4837 2.735
6.47549 2.86283
7.46923 2.75106
0.622789 3.93899
1.62279 3.93899
2.61621 3.82445
3.60994 3.71268
4.60368 3.60091
5.59547 3.72874
6.58727 3.85657
7.581 3.74479
0.737326 4.93241
1.73733 4.93241
2.73075 4.81787
3.72448 4.7061
4.71821 4.59433
5.71001 4.72216
6.7018 4.84999
7.69554 4.73821
0.851864 5.92583
1.85186 5.92583
2.84528 5.81129
3.83902 5.69952
4.83275 5.58775
5.82455 5.71558
6.81634 5.84341
7.81008 5.73163
1.13933 6.88362
2.13933 6.88362
3.13275 6.76908
4.12649 6.65731
5.12022 6.54553
6.11202 6.67337
7.10381 6.8012
8.09755 6.68942
