0 0
1 0
1.98736 -0.158475
2.98091 -0.271866
3.97446 -0.385256
4.9707 -0.298622
5.96694 -0.211988
6.96049 -0.325379
0.11339 0.993551
1.11339 0.993551
2.10075 0.835075
3.0943 0.721685
4.08785 0.608294
5.08409 0.694928
6.08033 0.781562
7.07389 0.668172
0.226781 1.9871
1.22678 1.9871
2.21414 1.82863
3.20769 1.71524
4.20124 1.60184
5.19749 1.68848
6.19373 1.77511
7.18728 1.66172
0.51537 2.94455
1.51537 2.94455
2.50273 2.78608
3.49628 2.67269
4.48983 2.5593
5.48607 2.64593
6.48231 2.73257
7.47586 2.61918
0.62876 3.9381
1.62876 3.9381
2.61612 3.77963
3.60967 3.66624
4.60322 3.55285
5.59946 3.63948
6.5957 3.72612
7.58926 3.61273
0.787236 4.92547
1.78724 4.92547
2.7746 4.76699
3.76815 4.6536
4.7617 4.54021
5.75794 4.62685
6.75418 4.71348
7.74773 4.60009
0.945711 5.91283
1.94571 5.91283
2.93307 5.75436
3.92662 5.64096
4.92018 5.52757
5.91642 5.61421
6.91266 5.70084
7.90621 5.58745
1.2343 6.87028
2.2343 6.87028
3.22166 6.71181
4.21521 6.59842
5.20876 6.48503
6.205 6.57166
7.20124 6.6583
8.19479 6.5449
