0 0
1 0
1.98533 -0.17067
2.97657 -0.30276
3.9678 -0.43485
4.96625 -0.379057
5.96469 -0.323264
6.95593 -0.455354
0.13209 0.991238
1.13209 0.991238
2.11742 0.820567
3.10866 0.688478
4.09989 0.556388
5.09834 0.612181
6.09678 0.667974
7.08802 0.535884
0.264179 1.98248
1.26418 1.98248
2.24951 1.81181
3.24075 1.67972
4.23198 1.54763
5.23043 1.60342
6.22887 1.65921
7.22011 1.52712
0.558569 2.93816
1.55857 2.93816
2.5439 2.76749
3.53514 2.6354
4.52637 2.50331
5.52482 2.5591
6.52326 2.6149
7.5145 2.48281
0.690659 3.9294
1.69066 3.9294
2.67599 3.75873
3.66723 3.62664
4.65846 3.49455
5.65691 3.55034
6.65535 3.60613
7.64659 3.47405
0.86133 4.91473
1.86133 4.91473
2.84666 4.74406
3.8379 4.61197
4.82913 4.47988
5.82758 4.53567
6.82602 4.59146
7.81726 4.45937
1.032 5.90005
2.032 5.90005
3.01733 5.72938
4.00857 5.59729
4.9998 5.46521
5.99825 5.521
6.99669 5.57679
7.98793 5.4447
1.32639 6.85574
2.32639 6.85574
3.31172 6.68507
4.30296 6.55298
5.29419 6.42089
6.29264 6.47668
7.29108 6.53248
8.28232 6.40039
