0 0
1 0
1.98217 -0.18799
2.97144 -0.334127
3.9607 -0.480265
4.96035 -0.453944
5.96001 -0.427624
6.94927 -0.573761
0.146137 0.989264
1.14614 0.989264
2.12831 0.801274
3.11757 0.655137
4.10684 0.509
5.10649 0.53532
6.10614 0.56164
7.09541 0.415503
0.292275 1.97853
1.29227 1.97853
2.27445 1.79054
3.26371 1.6444
4.25297 1.49826
5.25263 1.52458
6.25228 1.5509
7.24155 1.40477
0.59293 2.93226
1.59293 2.93226
2.5751 2.74427
3.56437 2.59813
4.55363 2.452
5.55328 2.47832
6.55294 2.50464
7.5422 2.3585
0.739067 3.92153
1.73907 3.92153
2.72124 3.73354
3.7105 3.5874
4.69977 3.44126
5.69942 3.46758
6.69907 3.4939
7.68834 3.34776
0.927057 4.9037
1.92706 4.9037
2.90923 4.71571
3.89849 4.56957
4.88776 4.42343
5.88741 4.44975
6.88706 4.47607
7.87633 4.32994
1.11505 5.88587
2.11505 5.88587
3.09722 5.69788
4.08648 5.55174
5.07575 5.4056
6.0754 5.43192
7.07505 5.45824
8.06432 5.31211
1.4157 6.8396
2.4157 6.8396
3.39787 6.65161
4.38714 6.50547
5.3764 6.35934
6.37606 6.38566
7.37571 6.41198
8.36497 6.26584
