0 0
1 0
1.97969 -0.200532
2.96667 -0.361363
3.95365 -0.522194
4.95365 -0.521972
5.95365 -0.521749
6.94063 -0.68258
0.160831 0.986982
1.16083 0.986982
2.14052 0.78645
3.1275 0.625619
4.11448 0.464788
5.11448 0.46501
6.11448 0.465233
7.10146 0.304402
0.321661 1.97396
1.32166 1.97396
2.30135 1.77343
3.28833 1.6126
4.27531 1.45177
5.27531 1.45199
6.27531 1.45221
7.26229 1.29138
0.628518 2.92572
1.62852 2.92572
2.60821 2.72519
3.59519 2.56436
4.58217 2.40353
5.58217 2.40375
6.58217 2.40397
7.56915 2.24314
0.789349 3.9127
1.78935 3.9127
2.76904 3.71217
3.75602 3.55134
4.743 3.39051
5.743 3.39073
6.743 3.39095
7.72998 3.23012
0.989881 4.89239
1.98988 4.89239
2.96957 4.69186
3.95655 4.53103
4.94353 4.3702
5.94353 4.37042
6.94353 4.37064
7.93051 4.20981
1.19041 5.87208
2.19041 5.87208
3.1701 5.67154
4.15708 5.51071
5.14406 5.34988
6.14406 5.3501
7.14406 5.35033
8.13105 5.1895
1.49727 6.82383
2.49727 6.82383
3.47696 6.6233
4.46394 6.46247
5.45092 6.30164
6.45092 6.30186
7.45092 6.30208
8.4379 6.14125
