0 0
1 0
1.97701 -0.213193
2.96198 -0.385934
3.94694 -0.558675
4.94668 -0.581517
5.94642 -0.604359
6.93139 -0.7771
0.172741 0.984967
1.17274 0.984967
2.14975 0.771774
3.13472 0.599033
4.11969 0.426293
5.11942 0.40345
6.11916 0.380608
7.10413 0.207867
0.345481 1.96993
1.34548 1.96993
2.32249 1.75674
3.30746 1.584
4.29243 1.41126
5.29216 1.38842
6.2919 1.36558
7.27687 1.19283
0.658039 2.91983
1.65804 2.91983
2.63505 2.70664
3.62002 2.5339
4.60498 2.36116
5.60472 2.33832
6.60446 2.31547
7.58943 2.14273
0.83078 3.9048
1.83078 3.9048
2.80779 3.69161
3.79276 3.51887
4.77772 3.34613
5.77746 3.32328
6.7772 3.30044
7.76217 3.1277
1.04397 4.88181
2.04397 4.88181
3.02098 4.66862
4.00595 4.49588
4.99092 4.32314
5.99066 4.30029
6.9904 4.27745
7.97536 4.10471
1.25717 5.85882
2.25717 5.85882
3.23418 5.64563
4.21914 5.47289
5.20411 5.30015
6.20385 5.2773
7.20359 5.25446
8.18856 5.08172
1.56972 6.80872
2.56972 6.80872
3.54673 6.59553
4.5317 6.42279
5.51667 6.25004
6.51641 6.2272
7.51615 6.20436
8.50112 6.03162
