0 0
1 0
1.99478 -0.102065
2.9931 -0.0440858
3.99141 0.0138931
4.96961 0.22157
5.94781 0.429247
6.94613 0.487225
-0.0579789 0.998318
0.942021 0.998318
1.9368 0.896253
2.93512 0.954232
3.93343 1.01221
4.91163 1.21989
5.88983 1.42756
6.88815 1.48554
-0.115958 1.99664
0.884042 1.99664
1.87882 1.89457
2.87714 1.95255
3.87546 2.01053
4.85365 2.21821
5.83185 2.42588
6.83017 2.48386
0.0410862 2.98423
1.04109 2.98423
2.03586 2.88216
3.03418 2.94014
4.0325 2.99812
5.0107 3.2058
5.98889 3.41347
6.98721 3.47145
-0.0168927 3.98255
0.983107 3.98255
1.97789 3.88048
2.9762 3.93846
3.97452 3.99644
4.95272 4.20411
5.93092 4.41179
6.92923 4.46977
0.0851719 4.97732
1.08517 4.97732
2.07995 4.87526
3.07827 4.93324
4.07659 4.99122
5.05478 5.19889
6.03298 5.40657
7.0313 5.46455
0.187237 5.9721
1.18724 5.9721
2.18201 5.87004
3.18033 5.92801
4.17865 5.98599
5.15685 6.19367
6.13504 6.40135
7.13336 6.45933
0.34428 6.95969
1.34428 6.95969
2.33906 6.85763
3.33738 6.91561
4.33569 6.97359
5.31389 7.18126
6.29209 7.38894
7.29041 7.44692
