0 0
1 0
1.975 -0.222196
2.95854 -0.402922
3.94207 -0.583648
4.94134 -0.621727
5.94062 -0.659807
6.92415 -0.840533
0.180726 0.983533
1.18073 0.983533
2.15573 0.761338
3.13926 0.580612
4.1228 0.399886
5.12207 0.361806
6.12134 0.323727
7.10488 0.143001
0.361452 1.96707
1.36145 1.96707
2.33645 1.74487
3.31999 1.56415
4.30352 1.38342
5.3028 1.34534
6.30207 1.30726
7.2856 1.12653
0.678527 2.91547
1.67853 2.91547
2.65353 2.69327
3.63706 2.51255
4.6206 2.33182
5.61987 2.29374
6.61915 2.25566
7.60268 2.07493
0.859253 3.899
1.85925 3.899
2.83425 3.67681
3.81779 3.49608
4.80132 3.31535
5.8006 3.27727
6.79987 3.23919
7.7834 3.05847
1.08145 4.874
2.08145 4.874
3.05645 4.65181
4.03998 4.47108
5.02352 4.29036
6.02279 4.25228
7.02207 4.2142
8.0056 4.03347
1.30364 5.84901
2.30364 5.84901
3.27865 5.62681
4.26218 5.44608
5.24571 5.26536
6.24499 5.22728
7.24426 5.1892
8.2278 5.00847
1.62072 6.79741
2.62072 6.79741
3.59572 6.57521
4.57925 6.39448
5.56279 6.21376
6.56206 6.17568
7.56134 6.1376
8.54487 5.95687
