0 0
1 0
1.9741 -0.22613
2.95695 -0.410506
3.93981 -0.594881
4.93878 -0.640339
5.93774 -0.685797
6.9206 -0.870172
0.184375 0.982856
1.18438 0.982856
2.15847 0.756726
3.14133 0.57235
4.12418 0.387975
5.12315 0.342517
6.12212 0.297059
7.10497 0.112684
0.368751 1.96571
1.36875 1.96571
2.34285 1.73958
3.3257 1.55521
4.30856 1.37083
5.30753 1.32537
6.30649 1.27992
7.28935 1.09554
0.687917 2.91341
1.68792 2.91341
2.66201 2.68728
3.64487 2.5029
4.62773 2.31853
5.62669 2.27307
6.62566 2.22761
7.60851 2.04324
0.872293 3.89627
1.87229 3.89627
2.84639 3.67014
3.82925 3.48576
4.8121 3.30139
5.81107 3.25593
6.81003 3.21047
7.79289 3.02609
1.09842 4.87036
2.09842 4.87036
3.07252 4.64423
4.05538 4.45986
5.03823 4.27548
6.0372 4.23002
7.03616 4.18457
8.01902 4.00019
1.32455 5.84446
2.32455 5.84446
3.29865 5.61833
4.28151 5.43395
5.26436 5.24958
6.26333 5.20412
7.26229 5.15866
8.24515 4.97429
1.64372 6.79216
2.64372 6.79216
3.61782 6.56603
4.60067 6.38165
5.58353 6.19728
6.58249 6.15182
7.58146 6.10636
8.56432 5.92199
