0 0
1 0
1.97393 -0.226867
2.95648 -0.412853
3.93903 -0.598839
4.9378 -0.648354
5.93658 -0.697869
6.91913 -0.883855
0.185986 0.982552
1.18599 0.982552
2.15991 0.755685
3.14246 0.5697
4.12502 0.383714
5.12379 0.334198
6.12256 0.284683
7.10512 0.0986972
0.371972 1.9651
1.37197 1.9651
2.3459 1.73824
3.32845 1.55225
4.311 1.36627
5.30978 1.31675
6.30855 1.26724
7.2911 1.08125
0.691151 2.9128
1.69115 2.9128
2.66508 2.68593
3.64763 2.49995
4.63018 2.31396
5.62896 2.26444
6.62773 2.21493
7.61028 2.02894
0.877137 3.89535
1.87714 3.89535
2.85106 3.66848
3.83362 3.4825
4.81617 3.29651
5.81494 3.247
6.81371 3.19748
7.79627 3.0115
1.104 4.86928
2.104 4.86928
3.07793 4.64241
4.06048 4.45642
5.04303 4.27044
6.04181 4.22092
7.04058 4.17141
8.02313 3.98542
1.33087 5.8432
2.33087 5.8432
3.3048 5.61634
4.28735 5.43035
5.2699 5.24436
6.26868 5.19485
7.26745 5.14533
8.25 4.95935
1.65005 6.7909
2.65005 6.7909
3.62398 6.56403
4.60653 6.37804
5.58908 6.19206
6.58786 6.14254
7.58663 6.09303
8.56918 5.90704
