0 0
1 0
1.9741 -0.226138
2.95661 -0.412315
3.93913 -0.598493
4.93773 -0.651314
5.93634 -0.704136
6.91885 -0.890314
0.186177 0.982516
1.18618 0.982516
2.16027 0.756378
3.14279 0.570201
4.12531 0.384023
5.12391 0.331202
6.12251 0.27838
7.10503 0.0922026
0.372355 1.96503
1.37235 1.96503
2.34645 1.73889
3.32897 1.55272
4.31148 1.36654
5.31009 1.31372
6.30869 1.2609
7.29121 1.07472
0.689683 2.91335
1.68968 2.91335
2.66378 2.68721
3.64629 2.50103
4.62881 2.31486
5.62741 2.26203
6.62602 2.20921
7.60854 2.02303
0.875861 3.89586
1.87586 3.89586
2.84996 3.66973
3.83247 3.48355
4.81499 3.29737
5.81359 3.24455
6.8122 3.19173
7.79471 3.00555
1.102 4.86996
2.102 4.86996
3.07609 4.64382
4.05861 4.45764
5.04113 4.27147
6.03973 4.21864
7.03833 4.16582
8.02085 3.97965
1.32814 5.84405
2.32814 5.84405
3.30223 5.61792
4.28475 5.43174
5.26726 5.24556
6.26587 5.19274
7.26447 5.13992
8.24699 4.95374
1.64547 6.79237
2.64547 6.79237
3.61956 6.56623
4.60208 6.38005
5.58459 6.19388
6.5832 6.14106
7.5818 6.08823
8.56432 5.90206
