0 0
1 0
1.97496 -0.222398
2.95767 -0.407545
3.94038 -0.592692
4.93878 -0.649233
5.93718 -0.705775
6.91989 -0.890922
0.185147 0.982711
1.18515 0.982711
2.1601 0.760313
3.14281 0.575166
4.12552 0.390019
5.12392 0.333477
6.12232 0.276936
7.10504 0.091789
0.370293 1.96542
1.37029 1.96542
2.34525 1.74302
3.32796 1.55788
4.31067 1.37273
5.30907 1.31619
6.30747 1.25965
7.29018 1.0745
0.682666 2.91538
1.68267 2.91538
2.65762 2.69298
3.64033 2.50784
4.62304 2.32269
5.62144 2.26615
6.61984 2.20961
7.60256 2.02446
0.867813 3.89809
1.86781 3.89809
2.84277 3.67569
3.82548 3.49055
4.80819 3.3054
5.80659 3.24886
6.80499 3.19232
7.7877 3.00717
1.09021 4.87305
2.09021 4.87305
3.06517 4.65065
4.04788 4.4655
5.03059 4.28036
6.02899 4.22381
7.02739 4.16727
8.0101 3.98213
1.31261 5.848
2.31261 5.848
3.28757 5.62561
4.27028 5.44046
5.25299 5.25531
6.25139 5.19877
7.24979 5.14223
8.2325 4.95708
1.62498 6.79796
2.62498 6.79796
3.59994 6.57557
4.58265 6.39042
5.56536 6.20527
6.56376 6.14873
7.56216 6.09219
8.54487 5.90704
