0 0
1 0
1.97677 -0.214271
2.96002 -0.396541
3.94327 -0.578811
4.94125 -0.642345
5.93923 -0.705879
6.92248 -0.888149
0.18227 0.983249
1.18227 0.983249
2.15904 0.768977
3.14229 0.586707
4.12554 0.404437
5.12352 0.340903
6.1215 0.277369
7.10475 0.0950991
0.36454 1.9665
1.36454 1.9665
2.34131 1.75223
3.32456 1.56996
4.30781 1.38769
5.30579 1.32415
6.30377 1.26062
7.28702 1.07835
0.666182 2.91992
1.66618 2.91992
2.64296 2.70565
3.6262 2.52338
4.60945 2.34111
5.60743 2.27757
6.60541 2.21404
7.58866 2.03177
0.848452 3.90317
1.84845 3.90317
2.82523 3.6889
3.80847 3.50663
4.79172 3.32436
5.7897 3.26082
6.78768 3.19729
7.77093 3.01502
1.06272 4.87994
2.06272 4.87994
3.0395 4.66567
4.02275 4.4834
5.00599 4.30113
6.00397 4.2376
7.00195 4.17406
7.9852 3.99179
1.27699 5.85672
2.27699 5.85672
3.25377 5.64244
4.23702 5.46017
5.22027 5.2779
6.21825 5.21437
7.21622 5.15084
8.19947 4.96857
1.57864 6.81014
2.57864 6.81014
3.55541 6.59587
4.53866 6.4136
5.52191 6.23133
6.51989 6.16779
7.51787 6.10426
8.50112 5.92199
