0 0
1 0
1.97855 -0.206022
2.963 -0.381652
3.94746 -0.557283
4.94493 -0.628328
5.94241 -0.699372
6.92686 -0.875003
0.175631 0.984456
1.17563 0.984456
2.15418 0.778435
3.13863 0.602804
4.12309 0.427173
5.12056 0.356128
6.11804 0.285084
7.10249 0.109453
0.351261 1.96891
1.35126 1.96891
2.32981 1.76289
3.31427 1.58726
4.29872 1.41163
5.29619 1.34058
6.29367 1.26954
7.27812 1.09391
0.637315 2.92713
1.63731 2.92713
2.61586 2.7211
3.60032 2.54547
4.58477 2.36984
5.58225 2.2988
6.57972 2.22775
7.56418 2.05212
0.812945 3.91158
1.81295 3.91158
2.79149 3.70556
3.77595 3.52993
4.76041 3.3543
5.75788 3.28325
6.75535 3.21221
7.73981 3.03658
1.01897 4.89013
2.01897 4.89013
2.99751 4.68411
3.98197 4.50848
4.96643 4.33285
5.9639 4.2618
6.96137 4.19076
7.94583 4.01513
1.22499 5.86868
2.22499 5.86868
3.20354 5.66266
4.18799 5.48702
5.17245 5.31139
6.16992 5.24035
7.16739 5.1693
8.15185 4.99367
1.51104 6.82689
2.51104 6.82689
3.48959 6.62087
4.47405 6.44524
5.4585 6.26961
6.45597 6.19856
7.45345 6.12752
8.4379 5.95189
