0 0
1 0
1.98185 -0.189677
2.96819 -0.3544
3.95453 -0.519123
4.95184 -0.592415
5.94915 -0.665707
6.93549 -0.83043
0.164723 0.98634
1.16472 0.98634
2.14657 0.796663
3.13291 0.63194
4.11925 0.467217
5.11656 0.393925
6.11387 0.320633
7.10021 0.15591
0.329446 1.97268
1.32945 1.97268
2.31129 1.783
3.29763 1.61828
4.28397 1.45356
5.28128 1.38027
6.27859 1.30697
7.26493 1.14225
0.592841 2.93737
1.59284 2.93737
2.57469 2.74769
3.56103 2.58297
4.54737 2.41825
5.54468 2.34495
6.54199 2.27166
7.52833 2.10694
0.757564 3.92371
1.75756 3.92371
2.73941 3.73403
3.72575 3.56931
4.71209 3.40458
5.7094 3.33129
6.70671 3.258
7.69305 3.09328
0.947241 4.90555
1.94724 4.90555
2.92909 4.71588
3.91543 4.55115
4.90177 4.38643
5.89908 4.31314
6.89639 4.23985
7.88273 4.07512
1.13692 5.8874
2.13692 5.8874
3.11876 5.69772
4.1051 5.533
5.09144 5.36828
6.08875 5.29499
7.08606 5.22169
8.0724 5.05697
1.40031 6.85209
2.40031 6.85209
3.38216 6.66241
4.3685 6.49769
5.35484 6.33297
6.35215 6.25967
7.34946 6.18638
8.3358 6.02166
