0 0
1 0
1.97743 -0.21127
2.96819 -0.346858
3.95896 -0.482445
4.95664 -0.550556
5.95431 -0.618667
6.94508 -0.754255
0.135587 0.990765
1.13559 0.990765
2.11302 0.779495
3.10378 0.643908
4.09455 0.50832
5.09222 0.440209
6.0899 0.372098
7.08067 0.236511
0.271175 1.98153
1.27117 1.98153
2.2486 1.77026
3.23937 1.63467
4.23013 1.49909
5.22781 1.43097
6.22549 1.36286
7.21625 1.22728
0.474085 2.96073
1.47409 2.96073
2.45151 2.74946
3.44228 2.61387
4.43304 2.47828
5.43072 2.41017
6.4284 2.34206
7.41916 2.20647
0.609673 3.95149
1.60967 3.95149
2.5871 3.74022
3.57787 3.60464
4.56863 3.46905
5.56631 3.40094
6.56399 3.33283
7.55475 3.19724
0.820943 4.92892
1.82094 4.92892
2.79837 4.71765
3.78914 4.58206
4.7799 4.44648
5.77758 4.37836
6.77526 4.31025
7.76602 4.17467
1.03221 5.90635
2.03221 5.90635
3.00964 5.69508
4.00041 5.55949
4.99117 5.4239
5.98885 5.35579
6.98653 5.28768
7.97729 5.15209
1.23512 6.88555
2.23512 6.88555
3.21255 6.67428
4.20332 6.53869
5.19408 6.4031
6.19176 6.33499
7.18944 6.26688
8.1802 6.13129
