0 0
1 0
1.98982 -0.142343
2.98209 -0.266411
3.97436 -0.390479
4.97195 -0.459935
5.96953 -0.529391
6.96181 -0.653459
0.124068 0.992274
1.12407 0.992274
2.11389 0.84993
3.10616 0.725862
4.09843 0.601794
5.09602 0.532338
6.0936 0.462882
7.08588 0.338814
0.248136 1.98455
1.24814 1.98455
2.23795 1.8422
3.23023 1.71814
4.2225 1.59407
5.22009 1.52461
6.21767 1.45516
7.20994 1.33109
0.426779 2.96846
1.42678 2.96846
2.4166 2.82612
3.40887 2.70205
4.40114 2.57798
5.39873 2.50853
6.39631 2.43907
7.38859 2.315
0.550847 3.96074
1.55085 3.96074
2.54066 3.81839
3.53294 3.69432
4.52521 3.57026
5.5228 3.5008
6.52038 3.43134
7.51266 3.30728
0.693191 4.95055
1.69319 4.95055
2.68301 4.80821
3.67528 4.68414
4.66756 4.56007
5.66514 4.49062
6.66273 4.42116
7.655 4.29709
0.835534 5.94037
1.83553 5.94037
2.82535 5.79803
3.81763 5.67396
4.8099 5.54989
5.80748 5.48043
6.80507 5.41098
7.79734 5.28691
1.01418 6.92428
2.01418 6.92428
3.004 6.78194
3.99627 6.65787
4.98854 6.5338
5.98613 6.46435
6.98371 6.39489
7.97599 6.27082
