0 0
1 0
1.99728 -0.0737722
2.99711 -0.055338
3.99694 -0.0369039
4.96294 0.221606
5.92895 0.480116
6.92878 0.498551
-0.0184342 0.99983
0.981566 0.99983
1.97884 0.926058
2.97867 0.944492
3.9785 0.962926
4.94451 1.22144
5.91052 1.47995
6.91035 1.49838
-0.0368683 1.99966
0.963132 1.99966
1.96041 1.92589
2.96024 1.94432
3.96007 1.96276
4.92608 2.22127
5.89208 2.47978
6.89191 2.49821
0.175621 2.97682
1.17562 2.97682
2.1729 2.90305
3.17273 2.92149
4.17256 2.93992
5.13857 3.19843
6.10457 3.45694
7.1044 3.47537
0.157187 3.97665
1.15719 3.97665
2.15446 3.90288
3.15429 3.92132
4.15412 3.93975
5.12013 4.19826
6.08614 4.45677
7.08597 4.4752
0.230959 4.97393
1.23096 4.97393
2.22823 4.90016
3.22806 4.91859
4.22789 4.93702
5.1939 5.19553
6.15991 5.45405
7.15974 5.47248
0.304732 5.9712
1.30473 5.9712
2.30201 5.89743
3.30184 5.91587
4.30167 5.9343
5.26768 6.19281
6.23368 6.45132
7.23351 6.46975
0.517221 6.94837
1.51722 6.94837
2.5145 6.87459
3.51433 6.89303
4.51416 6.91146
5.48016 7.16997
6.44617 7.42848
7.446 7.44692
