0 0
1 0
1.99503 -0.0995491
2.99005 -0.199252
3.98507 -0.298954
4.98266 -0.368328
5.98025 -0.437702
6.97527 -0.537405
0.0997026 0.995017
1.0997 0.995017
2.09474 0.895468
3.08975 0.795766
4.08477 0.696063
5.08236 0.626689
6.07995 0.557315
7.07497 0.457613
0.199405 1.99003
1.19941 1.99003
2.19444 1.89049
3.18946 1.79078
4.18447 1.69108
5.18206 1.62171
6.17965 1.55233
7.17467 1.45263
0.348554 2.97885
1.34855 2.97885
2.34359 2.8793
3.3386 2.7796
4.33362 2.6799
5.33121 2.61052
6.3288 2.54115
7.32382 2.44144
0.448257 3.97387
1.44826 3.97387
2.44329 3.87432
3.43831 3.77461
4.43332 3.67491
5.43091 3.60554
6.42851 3.53616
7.42352 3.43646
0.547806 4.9689
1.54781 4.9689
2.54284 4.86935
3.53786 4.76965
4.53287 4.66994
5.53046 4.60057
6.52805 4.5312
7.52307 4.43149
0.647355 5.96393
1.64735 5.96393
2.64239 5.86438
3.6374 5.76468
4.63242 5.66498
5.63001 5.5956
6.6276 5.52623
7.62262 5.42653
0.796504 6.95275
1.7965 6.95275
2.79154 6.8532
3.78655 6.75349
4.78157 6.65379
5.77916 6.58442
6.77675 6.51504
7.77177 6.41534
