0 0
1 0
1.99644 -0.0843011
2.99348 -0.161172
3.99052 -0.238044
4.98903 -0.292713
5.98753 -0.347382
6.98457 -0.424253
0.0768713 0.997041
1.07687 0.997041
2.07331 0.91274
3.07035 0.835869
4.06739 0.758997
5.0659 0.704328
6.0644 0.649659
7.06144 0.572788
0.153743 1.99408
1.15374 1.99408
2.15018 1.90978
3.14722 1.83291
4.14426 1.75604
5.14277 1.70137
6.14127 1.6467
7.13831 1.56983
0.252921 2.98915
1.25292 2.98915
2.24936 2.90485
3.2464 2.82798
4.24344 2.75111
5.24195 2.69644
6.24045 2.64177
7.23749 2.5649
0.329792 3.98619
1.32979 3.98619
2.32623 3.90189
3.32327 3.82502
4.32031 3.74815
5.31882 3.69348
6.31732 3.63881
7.31436 3.56194
0.414093 4.98263
1.41409 4.98263
2.41053 4.89833
3.40757 4.82146
4.40462 4.74459
5.40312 4.68992
6.40162 4.63525
7.39867 4.55838
0.498394 5.97907
1.49839 5.97907
2.49483 5.89477
3.49188 5.8179
4.48892 5.74103
5.48742 5.68636
6.48593 5.63169
7.48297 5.55482
0.597572 6.97414
1.59757 6.97414
2.59401 6.88984
3.59105 6.81297
4.58809 6.7361
5.5866 6.68143
6.5851 6.62676
7.58214 6.54989
