0 0
1 0
1.99838 -0.0569129
2.99696 -0.110141
3.99554 -0.16337
4.99429 -0.213508
5.99303 -0.263647
6.99161 -0.316875
0.0532283 0.998582
1.05323 0.998582
2.05161 0.941669
3.05019 0.888441
4.04877 0.835213
5.04751 0.785074
6.04626 0.734936
7.04484 0.681707
0.106457 1.99716
1.10646 1.99716
2.10484 1.94025
3.10342 1.88702
4.102 1.8338
5.10074 1.78366
6.09949 1.73352
7.09807 1.68029
0.184743 2.9941
1.18474 2.9941
2.18312 2.93718
3.1817 2.88395
4.18029 2.83073
5.17903 2.78059
6.17777 2.73045
7.17635 2.67722
0.237971 3.99268
1.23797 3.99268
2.23635 3.93577
3.23493 3.88254
4.23351 3.82931
5.23226 3.77917
6.231 3.72903
7.22958 3.6758
0.294884 4.99106
1.29488 4.99106
2.29326 4.93414
3.29185 4.88092
4.29043 4.82769
5.28917 4.77755
6.28791 4.72741
7.28649 4.67418
0.351797 5.98944
1.3518 5.98944
2.35018 5.93252
3.34876 5.8793
4.34734 5.82607
5.34608 5.77593
6.34483 5.72579
7.34341 5.67256
0.430083 6.98637
1.43008 6.98637
2.42846 6.92945
3.42704 6.87623
4.42563 6.823
5.42437 6.77286
6.42311 6.72272
7.42169 6.66949
