0 0
1 0
1.99879 -0.0492414
2.99778 -0.094067
3.99678 -0.138893
4.99628 -0.170505
5.99578 -0.202117
6.99477 -0.246943
0.0448256 0.998995
1.04483 0.998995
2.04361 0.949753
3.04261 0.904928
4.0416 0.860102
5.0411 0.82849
6.0406 0.796877
7.0396 0.752052
0.0896513 1.99799
1.08965 1.99799
2.08844 1.94875
3.08743 1.90392
4.08643 1.8591
5.08593 1.82748
6.08543 1.79587
7.08442 1.75105
0.147736 2.9963
1.14774 2.9963
2.14652 2.94706
3.14552 2.90223
4.14451 2.85741
5.14401 2.8258
6.14351 2.79418
7.14251 2.74936
0.192561 3.9953
1.19256 3.9953
2.19135 3.94605
3.19034 3.90123
4.18934 3.8564
5.18884 3.82479
6.18834 3.79318
7.18733 3.74835
0.241803 4.99408
1.2418 4.99408
2.24059 4.94484
3.23958 4.90002
4.23858 4.85519
5.23808 4.82358
6.23758 4.79197
7.23657 4.74714
0.291044 5.99287
1.29104 5.99287
2.28983 5.94363
3.28883 5.8988
4.28782 5.85398
5.28732 5.82236
6.28682 5.79075
7.28582 5.74593
0.349128 6.99118
1.34913 6.99118
2.34792 6.94194
3.34691 6.89711
4.3459 6.85229
5.34541 6.82068
6.34491 6.78906
7.3439 6.74424
