0 0
1 0
1.99899 -0.0448825
2.99828 -0.0825206
3.99758 -0.120159
4.99737 -0.140621
5.99716 -0.161083
6.99645 -0.198721
0.0376382 0.999291
1.03764 0.999291
2.03663 0.954409
3.03592 0.916771
4.03521 0.879133
5.035 0.85867
6.03479 0.838208
7.03409 0.80057
0.0752763 1.99858
1.07528 1.99858
2.07427 1.9537
3.07356 1.91606
4.07285 1.87842
5.07264 1.85796
6.07243 1.8375
7.07172 1.79986
0.130644 2.99705
1.13064 2.99705
2.12964 2.95217
3.12893 2.91453
4.12822 2.87689
5.12801 2.85643
6.1278 2.83597
7.12709 2.79833
0.168282 3.99634
1.16828 3.99634
2.16727 3.95146
3.16657 3.91382
4.16586 3.87618
5.16565 3.85572
6.16544 3.83526
7.16473 3.79762
0.213165 4.99533
1.21316 4.99533
2.21216 4.95045
3.21145 4.91281
4.21074 4.87517
5.21053 4.85471
6.21032 4.83425
7.20961 4.79661
0.258047 5.99432
1.25805 5.99432
2.25704 5.94944
3.25633 5.9118
4.25562 5.87417
5.25541 5.8537
6.2552 5.83324
7.25449 5.7956
0.313415 6.99279
1.31341 6.99279
2.31241 6.94791
3.3117 6.91027
4.31099 6.87263
5.31078 6.85217
6.31057 6.83171
7.30986 6.79407
