0 0
1 0
1.99993 0.0122285
2.99803 -0.0493725
3.99613 -0.110974
4.99607 -0.0999916
5.99601 -0.0890096
6.99411 -0.150611
0.061601 0.998101
1.0616 0.998101
2.06153 1.01033
3.05963 0.948728
4.05773 0.887127
5.05767 0.898109
6.05761 0.909091
7.05571 0.84749
0.123202 1.9962
1.1232 1.9962
2.12313 2.00843
3.12123 1.94683
4.11933 1.88523
5.11927 1.89621
6.11921 1.90719
7.11731 1.84559
0.191184 2.99389
1.19118 2.99389
2.19111 3.00612
3.18921 2.94452
4.18731 2.88291
5.18725 2.8939
6.18719 2.90488
7.18529 2.84328
0.252785 3.99199
1.25278 3.99199
2.25271 4.00422
3.25081 3.94262
4.24891 3.88102
5.24885 3.892
6.24879 3.90298
7.24689 3.84138
0.240556 4.99191
1.24056 4.99191
2.24048 5.00414
3.23858 4.94254
4.23668 4.88094
5.23662 4.89192
6.23656 4.9029
7.23466 4.8413
0.228328 5.99184
1.22833 5.99184
2.22825 6.00407
3.22635 5.94247
4.22445 5.88087
5.22439 5.89185
6.22433 5.90283
7.22243 5.84123
0.296309 6.98953
1.29631 6.98953
2.29623 7.00175
3.29434 6.94015
4.29244 6.87855
5.29238 6.88953
6.29232 6.90052
7.29042 6.83892
