0 0
1 0
1.99967 -0.0257593
2.99906 -0.0607226
3.99845 -0.0956859
4.99845 -0.0951962
5.99845 -0.0947066
6.99783 -0.12967
0.0349633 0.999389
1.03496 0.999389
2.03463 0.973629
3.03402 0.938666
4.03341 0.903703
5.03341 0.904192
6.03341 0.904682
7.0328 0.869719
0.0699266 1.99878
1.06993 1.99878
2.06959 1.97302
3.06898 1.93805
4.06837 1.90309
5.06837 1.90358
6.06837 1.90407
7.06776 1.86911
0.13315 2.99678
1.13315 2.99678
2.13282 2.97102
3.13221 2.93605
4.1316 2.90109
5.1316 2.90158
6.13159 2.90207
7.13098 2.86711
0.168113 3.99617
1.16811 3.99617
2.16778 3.97041
3.16717 3.93544
4.16656 3.90048
5.16656 3.90097
6.16656 3.90146
7.16595 3.8665
0.193872 4.99583
1.19387 4.99583
2.19354 4.97007
3.19293 4.93511
4.19232 4.90015
5.19232 4.90064
6.19232 4.90113
7.19171 4.86616
0.219632 5.9955
1.21963 5.9955
2.2193 5.96974
3.21869 5.93478
4.21808 5.89982
5.21808 5.90031
6.21808 5.90079
7.21747 5.86583
0.282855 6.9935
1.28285 6.9935
2.28252 6.96774
3.28191 6.93278
4.2813 6.89782
5.2813 6.8983
6.2813 6.89879
7.28069 6.86383
