0 0
1 0
1.99927 -0.0382717
2.99887 -0.0665881
3.99847 -0.0949045
4.99846 -0.093368
5.99846 -0.0918316
6.99806 -0.120148
0.0283164 0.999599
1.02832 0.999599
2.02758 0.961327
3.02718 0.933011
4.02678 0.904694
5.02678 0.906231
6.02678 0.907767
7.02638 0.879451
0.0566328 1.9992
1.05663 1.9992
2.0559 1.96093
3.0555 1.93261
4.0551 1.90429
5.0551 1.90583
6.0551 1.90737
7.05469 1.87905
0.114768 2.99751
1.11477 2.99751
2.11404 2.95924
3.11363 2.93092
4.11323 2.9026
5.11323 2.90414
6.11323 2.90568
7.11283 2.87736
0.143084 3.99711
1.14308 3.99711
2.14235 3.95883
3.14195 3.93052
4.14155 3.9022
5.14155 3.90374
6.14155 3.90527
7.14115 3.87696
0.181356 4.99637
1.18136 4.99637
2.18062 4.9581
3.18022 4.92979
4.17982 4.90147
5.17982 4.90301
6.17982 4.90454
7.17942 4.87623
0.219628 5.99564
1.21963 5.99564
2.21889 5.95737
3.21849 5.92905
4.21809 5.90074
5.21809 5.90227
6.21809 5.90381
7.21769 5.87549
0.277763 6.99395
1.27776 6.99395
2.27703 6.95568
3.27663 6.92736
4.27623 6.89904
5.27623 6.90058
6.27623 6.90212
7.27582 6.8738
