0 0
1 0
1.9993 -0.0374511
2.99893 -0.0644559
3.99857 -0.0914606
4.99856 -0.0873852
5.99855 -0.0833098
6.99819 -0.110315
0.0270048 0.999635
1.027 0.999635
2.0263 0.962184
3.02594 0.935179
4.02557 0.908175
5.02557 0.91225
6.02556 0.916325
7.02519 0.889321
0.0540095 1.99927
1.05401 1.99927
2.05331 1.96182
3.05294 1.93481
4.05258 1.90781
5.05257 1.91189
6.05256 1.91596
7.0522 1.88896
0.112438 2.99756
1.11244 2.99756
2.11174 2.96011
3.11137 2.93311
4.11101 2.9061
5.111 2.91018
6.11099 2.91425
7.11063 2.88725
0.139442 3.9972
1.13944 3.9972
2.13874 3.95975
3.13838 3.93274
4.13801 3.90574
5.138 3.90981
6.13799 3.91389
7.13763 3.88688
0.176894 4.9965
1.17689 4.9965
2.17619 4.95904
3.17583 4.93204
4.17546 4.90504
5.17545 4.90911
6.17545 4.91319
7.17508 4.88618
0.214345 5.99579
1.21434 5.99579
2.21364 5.95834
3.21328 5.93134
4.21291 5.90433
5.21291 5.90841
6.2129 5.91248
7.21253 5.88548
0.272773 6.99409
1.27277 6.99409
2.27207 6.95663
3.27171 6.92963
4.27134 6.90263
5.27133 6.9067
6.27133 6.91078
7.27096 6.88377
