0 0
1 0
1.99936 -0.0357343
2.99891 -0.0656881
3.99846 -0.095642
4.99845 -0.0905799
5.99844 -0.0855179
6.99799 -0.115472
0.0299539 0.999551
1.02995 0.999551
2.02932 0.963817
3.02887 0.933863
4.02842 0.903909
5.0284 0.908971
6.02839 0.914033
7.02794 0.88408
0.0599077 1.9991
1.05991 1.9991
2.05927 1.96337
3.05882 1.93341
4.05837 1.90346
5.05836 1.90852
6.05835 1.91358
7.0579 1.88363
0.115728 2.99754
1.11573 2.99754
2.11509 2.96181
3.11464 2.93186
4.11419 2.9019
5.11418 2.90696
6.11417 2.91203
7.11372 2.88207
0.145682 3.99709
1.14568 3.99709
2.14504 3.96136
3.14459 3.93141
4.14415 3.90145
5.14413 3.90651
6.14412 3.91158
7.14367 3.88162
0.181416 4.99646
1.18142 4.99646
2.18078 4.96072
3.18033 4.93077
4.17988 4.90081
5.17987 4.90588
6.17985 4.91094
7.17941 4.88098
0.217151 5.99582
1.21715 5.99582
2.21651 5.96008
3.21606 5.93013
4.21561 5.90018
5.2156 5.90524
6.21559 5.9103
7.21514 5.88035
0.272971 6.99426
1.27297 6.99426
2.27233 6.95852
3.27188 6.92857
4.27144 6.89862
5.27142 6.90368
6.27141 6.90874
7.27096 6.87879
