0 0
1 0
1.99579 -0.0917121
2.99568 -0.0772273
3.99558 -0.0627425
4.95409 0.222307
5.9126 0.507356
6.9125 0.52184
-0.0144848 0.999895
0.985515 0.999895
1.9813 0.908183
2.9812 0.922668
3.98109 0.937153
4.9396 1.2222
5.89812 1.50725
6.89801 1.52174
-0.0289695 1.99979
0.97103 1.99979
1.96682 1.90808
2.96671 1.92256
3.96661 1.93705
4.92512 2.2221
5.88363 2.50715
6.88353 2.52163
0.226147 2.9667
1.22615 2.9667
2.22193 2.87499
3.22183 2.88947
4.22172 2.90396
5.18024 3.18901
6.13875 3.47406
7.13864 3.48854
0.211662 3.9666
1.21166 3.9666
2.20745 3.87488
3.20734 3.88937
4.20724 3.90385
5.16575 4.1889
6.12426 4.47395
7.12416 4.48844
0.303374 4.96238
1.30337 4.96238
2.29916 4.87067
3.29905 4.88515
4.29895 4.89964
5.25746 5.18469
6.21598 5.46974
7.21587 5.48422
0.395086 5.95817
1.39509 5.95817
2.39087 5.86645
3.39077 5.88094
4.39066 5.89542
5.34917 6.18047
6.30769 6.46552
7.30758 6.48001
0.650202 6.92508
1.6502 6.92508
2.64599 6.83337
3.64588 6.84785
4.64578 6.86233
5.60429 7.14738
6.5628 7.43243
7.5627 7.44692
