0 0
1 0
1.99923 -0.0392509
2.99875 -0.0702728
3.99827 -0.101295
4.99825 -0.107649
5.99823 -0.114004
6.99775 -0.145026
0.0310219 0.999519
1.03102 0.999519
2.03025 0.960268
3.02977 0.929246
4.02929 0.898224
5.02927 0.89187
6.02925 0.885515
7.02877 0.854493
0.0620438 1.99904
1.06204 1.99904
2.06127 1.95979
3.06079 1.92876
4.06031 1.89774
5.06029 1.89139
6.06027 1.88503
7.05979 1.85401
0.117732 2.99749
1.11773 2.99749
2.11696 2.95823
3.11648 2.92721
4.116 2.89619
5.11598 2.88984
6.11596 2.88348
7.11548 2.85246
0.148754 3.997
1.14875 3.997
2.14798 3.95775
3.1475 3.92673
4.14702 3.89571
5.147 3.88936
6.14698 3.883
7.1465 3.85198
0.188005 4.99623
1.188 4.99623
2.18723 4.95698
3.18675 4.92596
4.18627 4.89494
5.18625 4.88858
6.18623 4.88223
7.18575 4.85121
0.227256 5.99546
1.22726 5.99546
2.22648 5.95621
3.226 5.92519
4.22552 5.89417
5.2255 5.88781
6.22548 5.88146
7.225 5.85044
0.282943 6.99391
1.28294 6.99391
2.28217 6.95466
3.28169 6.92364
4.28121 6.89262
5.28119 6.88626
6.28117 6.87991
7.28069 6.84889
