0 0
1 0
1.99935 -0.0359978
2.99856 -0.0757087
3.99777 -0.11542
4.99758 -0.135049
5.99739 -0.154678
6.9966 -0.194389
0.0397109 0.999211
1.03971 0.999211
2.03906 0.963213
3.03827 0.923503
4.03749 0.883792
5.03729 0.864162
6.0371 0.844533
7.03631 0.804822
0.0794218 1.99842
1.07942 1.99842
2.07877 1.96242
3.07798 1.92271
4.0772 1.883
5.077 1.86337
6.07681 1.84374
7.07602 1.80403
0.133193 2.99698
1.13319 2.99698
2.13254 2.96098
3.13176 2.92127
4.13097 2.88156
5.13077 2.86193
6.13058 2.8423
7.12979 2.80259
0.172904 3.99619
1.1729 3.99619
2.17226 3.96019
3.17147 3.92048
4.17068 3.88077
5.17049 3.86114
6.17029 3.84151
7.1695 3.8018
0.208902 4.99554
1.2089 4.99554
2.20825 4.95954
3.20746 4.91983
4.20668 4.88012
5.20648 4.86049
6.20629 4.84086
7.2055 4.80115
0.244899 5.99489
1.2449 5.99489
2.24425 5.95889
3.24346 5.91918
4.24267 5.87947
5.24248 5.85984
6.24229 5.84021
7.2415 5.8005
0.29867 6.99344
1.29867 6.99344
2.29802 6.95745
3.29723 6.91774
4.29644 6.87802
5.29625 6.8584
6.29606 6.83877
7.29527 6.79905
