0 0
1 0
1.9938 -0.111212
2.99348 -0.136397
3.99316 -0.161581
4.99203 -0.209174
5.9909 -0.256767
6.99058 -0.281952
0.0251845 0.999683
1.02518 0.999683
2.01898 0.888471
3.01866 0.863286
4.01835 0.838102
5.01721 0.790509
6.01608 0.742915
7.01576 0.717731
0.050369 1.99937
1.05037 1.99937
2.04417 1.88815
3.04385 1.86297
4.04353 1.83778
5.0424 1.79019
6.04126 1.7426
7.04095 1.71741
0.068313 2.9992
1.06831 2.9992
2.06211 2.88799
3.06179 2.86281
4.06148 2.83762
5.06034 2.79003
6.05921 2.74244
7.05889 2.71725
0.0934975 3.99889
1.0935 3.99889
2.08729 3.88768
3.08698 3.86249
4.08666 3.83731
5.08553 3.78971
6.08439 3.74212
7.08408 3.71694
0.20471 4.99268
1.20471 4.99268
2.19851 4.88147
3.19819 4.85629
4.19787 4.8311
5.19674 4.78351
6.19561 4.73592
7.19529 4.71073
0.315922 5.98648
1.31592 5.98648
2.30972 5.87527
3.3094 5.85008
4.30908 5.8249
5.30795 5.77731
6.30682 5.72971
7.3065 5.70453
0.333866 6.98632
1.33387 6.98632
2.32766 6.87511
3.32735 6.84992
4.32703 6.82474
5.32589 6.77715
6.32476 6.72955
7.32444 6.70437
