0 0
1 0
1.99963 -0.0271419
2.99713 -0.097867
3.99462 -0.168592
4.99057 -0.258568
5.98651 -0.348544
6.98401 -0.419269
0.0707251 0.997496
1.07073 0.997496
2.07036 0.970354
3.06785 0.899629
4.06535 0.828904
5.06129 0.738928
6.05724 0.648952
7.05473 0.578227
0.14145 1.99499
1.14145 1.99499
2.14108 1.96785
3.13858 1.89712
4.13607 1.8264
5.13202 1.73642
6.12796 1.64645
7.12546 1.57572
0.193026 2.99366
1.19303 2.99366
2.19266 2.96652
3.19015 2.89579
4.18765 2.82507
5.18359 2.73509
6.17954 2.64512
7.17703 2.57439
0.263751 3.99116
1.26375 3.99116
2.26338 3.96401
3.26088 3.89329
4.25837 3.82256
5.25432 3.73259
6.25026 3.64261
7.24776 3.57189
0.290893 4.99079
1.29089 4.99079
2.29052 4.96365
3.28802 4.89292
4.28552 4.8222
5.28146 4.73222
6.2774 4.64224
7.2749 4.57152
0.318035 5.99042
1.31804 5.99042
2.31767 5.96328
3.31516 5.89255
4.31266 5.82183
5.3086 5.73185
6.30455 5.64188
7.30204 5.57115
0.369611 6.98909
1.36961 6.98909
2.36924 6.96195
3.36674 6.89122
4.36423 6.8205
5.36018 6.73052
6.35612 6.64055
7.35362 6.56982
