0 0
1 0
1.99819 -0.0601191
2.9951 -0.138679
3.99201 -0.217239
4.98316 -0.34998
5.97431 -0.482721
6.97122 -0.561281
0.07856 0.996909
1.07856 0.996909
2.07675 0.93679
3.07366 0.85823
4.07057 0.77967
5.06172 0.646929
6.05287 0.514188
7.04978 0.435628
0.15712 1.99382
1.15712 1.99382
2.15531 1.9337
3.15222 1.85514
4.14913 1.77658
5.14028 1.64384
6.13143 1.5111
7.12834 1.43254
0.180083 2.99356
1.18008 2.99356
2.17827 2.93344
3.17518 2.85488
4.17209 2.77632
5.16324 2.64358
6.15439 2.51083
7.1513 2.43227
0.258642 3.99046
1.25864 3.99046
2.25683 3.93035
3.25374 3.85179
4.25065 3.77323
5.2418 3.64048
6.23295 3.50774
7.22986 3.42918
0.318762 4.98866
1.31876 4.98866
2.31695 4.92854
3.31386 4.84998
4.31077 4.77142
5.30192 4.63868
6.29307 4.50593
7.28998 4.42737
0.378881 5.98685
1.37888 5.98685
2.37707 5.92673
3.37398 5.84817
4.37089 5.76961
5.36204 5.63687
6.35319 5.50413
7.3501 5.42557
0.401843 6.98658
1.40184 6.98658
2.40003 6.92646
3.39694 6.8479
4.39385 6.76934
5.385 6.6366
6.37615 6.50386
7.37306 6.4253
