0 0
1 0
1.99777 -0.0668112
2.9931 -0.163282
3.98844 -0.259753
4.9717 -0.441958
5.95496 -0.624162
6.95029 -0.720633
0.0964711 0.995336
1.09647 0.995336
2.09424 0.928525
3.08957 0.832053
4.08491 0.735582
5.06817 0.553378
6.05143 0.371174
7.04677 0.274702
0.192942 1.99067
1.19294 1.99067
2.19071 1.92386
3.18604 1.82739
4.18138 1.73092
5.16464 1.54871
6.1479 1.36651
7.14324 1.27004
0.2001 2.99065
1.2001 2.99065
2.19787 2.92383
3.1932 2.82736
4.18854 2.73089
5.1718 2.54869
6.15506 2.36648
7.15039 2.27001
0.296571 3.98598
1.29657 3.98598
2.29434 3.91917
3.28967 3.8227
4.28501 3.72623
5.26827 3.54402
6.25153 3.36182
7.24687 3.26535
0.363383 4.98375
1.36338 4.98375
2.36115 4.91694
3.35648 4.82047
4.35182 4.72399
5.33508 4.54179
6.31834 4.35959
7.31368 4.26311
0.430194 5.98151
1.43019 5.98151
2.42796 5.9147
3.4233 5.81823
4.41863 5.72176
5.40189 5.53956
6.38515 5.35735
7.38049 5.26088
0.437352 6.98149
1.43735 6.98149
2.43512 6.91468
3.43045 6.81821
4.42579 6.72173
5.40905 6.53953
6.39231 6.35733
7.38765 6.26085
