0 0
1 0
1.9985 -0.0547873
2.99082 -0.178483
3.98314 -0.30218
4.95788 -0.525508
5.93262 -0.748837
6.92494 -0.872533
0.123696 0.99232
1.1237 0.99232
2.12219 0.937533
3.11451 0.813837
4.10683 0.69014
5.08158 0.466812
6.05632 0.243484
7.04864 0.119787
0.247392 1.98464
1.24739 1.98464
2.24589 1.92985
3.23821 1.80616
4.23053 1.68246
5.20527 1.45913
6.18002 1.2358
7.17234 1.11211
0.240843 2.98462
1.24084 2.98462
2.23934 2.92983
3.23166 2.80614
4.22398 2.68244
5.19872 2.45911
6.17347 2.23578
7.16579 2.11209
0.36454 3.97694
1.36454 3.97694
2.36304 3.92215
3.35536 3.79846
4.34768 3.67476
5.32242 3.45143
6.29716 3.2281
7.28948 3.10441
0.419327 4.97544
1.41933 4.97544
2.41782 4.92065
3.41015 4.79695
4.40247 4.67326
5.37721 4.44993
6.35195 4.2266
7.34427 4.1029
0.474114 5.97394
1.47411 5.97394
2.47261 5.91915
3.46493 5.79545
4.45725 5.67176
5.432 5.44843
6.40674 5.2251
7.39906 5.1014
0.467565 6.97391
1.46757 6.97391
2.46606 6.91913
3.45838 6.79543
4.4507 6.67173
5.42545 6.44841
6.40019 6.22508
7.39251 6.10138
