0 0
1 0
1.99659 -0.0825634
2.98883 -0.206863
3.98108 -0.331164
4.94296 -0.604626
5.90484 -0.878088
6.89709 -1.00239
0.1243 0.992245
1.1243 0.992245
2.12089 0.909681
3.11313 0.785381
4.10538 0.661081
5.06726 0.387619
6.02914 0.114157
7.02139 -0.0101431
0.2486 1.98449
1.2486 1.98449
2.24519 1.90193
3.23743 1.77763
4.22968 1.65333
5.19156 1.37986
6.15344 1.1064
7.14569 0.982102
0.222435 2.98415
1.22244 2.98415
2.21902 2.90158
3.21127 2.77728
4.20351 2.65298
5.16539 2.37952
6.12728 2.10606
7.11952 1.98176
0.346735 3.97639
1.34674 3.97639
2.34332 3.89383
3.33557 3.76953
4.32781 3.64523
5.28969 3.37177
6.25158 3.0983
7.24382 2.974
0.429299 4.97298
1.4293 4.97298
2.42588 4.89041
3.41813 4.76611
4.41037 4.64181
5.37226 4.36835
6.33414 4.09489
7.32638 3.97059
0.511862 5.96956
1.51186 5.96956
2.50845 5.887
3.50069 5.7627
4.49294 5.6384
5.45482 5.36494
6.4167 5.09148
7.40895 4.96718
0.485697 6.96922
1.4857 6.96922
2.48228 6.88666
3.47453 6.76236
4.46677 6.63806
5.42865 6.3646
6.39054 6.09113
7.38278 5.96683
