0 0
1 0
1.99836 -0.0573258
2.98685 -0.208589
3.97534 -0.359893
4.92894 -0.660946
5.88255 -0.961999
6.87104 -1.1133
0.151305 0.988487
1.1513 0.988487
2.14966 0.931161
3.13815 0.779899
4.12664 0.628594
5.08025 0.327541
6.03386 0.0264884
7.02234 -0.124816
0.302568 1.97698
1.30257 1.97698
2.30092 1.91965
3.28942 1.76839
4.2779 1.61709
5.23151 1.31603
6.18512 1.01498
7.17361 0.863677
0.262023 2.97616
1.26202 2.97616
2.26038 2.91883
3.24887 2.76757
4.23736 2.61626
5.19097 2.31521
6.14457 2.01416
7.13306 1.86285
0.413327 3.96465
1.41333 3.96465
2.41168 3.90732
3.40018 3.75606
4.38866 3.60475
5.34227 3.3037
6.29588 3.00265
7.28437 2.85134
0.470653 4.963
1.47065 4.963
2.46901 4.90568
3.4575 4.75441
4.44599 4.60311
5.3996 4.30206
6.3532 4.001
7.34169 3.8497
0.527979 5.96136
1.52798 5.96136
2.52633 5.90403
3.51483 5.75277
4.50332 5.60146
5.45692 5.30041
6.41053 4.99936
7.39902 4.84805
0.487434 6.96053
1.48743 6.96053
2.48579 6.90321
3.47428 6.75195
4.46277 6.60064
5.41638 6.29959
6.36999 5.99854
7.35847 5.84723
