0 0
1 0
1.99778 -0.0665577
2.98563 -0.221959
3.97349 -0.377349
4.91481 -0.714846
5.85614 -1.05234
6.84399 -1.20773
0.15539 0.987853
1.15539 0.987853
2.15317 0.921295
3.14102 0.765894
4.12888 0.610504
5.0702 0.273007
6.01153 -0.0644903
6.99938 -0.219881
0.310792 1.9757
1.31079 1.9757
2.30857 1.90915
3.29643 1.75375
4.28428 1.59836
5.22561 1.26086
6.16693 0.923361
7.15478 0.767971
0.248932 2.97379
1.24893 2.97379
2.24671 2.90723
3.23457 2.75183
4.22242 2.59644
5.16375 2.25894
6.10507 1.92145
7.09292 1.76606
0.404322 3.96164
1.40432 3.96164
2.4021 3.89508
3.38996 3.73968
4.37781 3.58429
5.31914 3.2468
6.26046 2.9093
7.24832 2.75391
0.47088 4.95943
1.47088 4.95943
2.46866 4.89287
3.45651 4.73747
4.44437 4.58208
5.38569 4.24458
6.32702 3.90708
7.31487 3.75169
0.537437 5.95721
1.53744 5.95721
2.53522 5.89065
3.52307 5.73525
4.51092 5.57986
5.45225 5.24236
6.39358 4.90486
7.38143 4.74947
0.475577 6.95529
1.47558 6.95529
2.47336 6.88873
3.46121 6.73333
4.44906 6.57794
5.39039 6.24045
6.33172 5.90295
7.31957 5.74756
