0 0
1 0
1.99458 -0.103952
2.99454 -0.0951727
3.99451 -0.086393
4.94512 0.223993
5.89573 0.53438
6.89569 0.54316
-0.00877972 0.999961
0.99122 0.999961
1.9858 0.896009
2.98576 0.904789
3.98573 0.913569
4.93634 1.22395
5.88695 1.53434
6.88691 1.54312
-0.0175594 1.99992
0.982441 1.99992
1.97702 1.89597
2.97698 1.90475
3.97695 1.91353
4.92756 2.22392
5.87817 2.5343
6.87813 2.54308
0.271356 2.95728
1.27136 2.95728
2.26594 2.85333
3.2659 2.8621
4.26586 2.87088
5.21647 3.18127
6.16708 3.49166
7.16704 3.50044
0.262576 3.95724
1.26258 3.95724
2.25716 3.85329
3.25712 3.86207
4.25708 3.87085
5.20769 4.18123
6.1583 4.49162
7.15826 4.5004
0.366529 4.95182
1.36653 4.95182
2.36111 4.84787
3.36107 4.85665
4.36103 4.86543
5.31164 5.17581
6.26225 5.4862
7.26222 5.49498
0.470481 5.9464
1.47048 5.9464
2.46506 5.84245
3.46502 5.85123
4.46499 5.86001
5.4156 6.1704
6.36621 6.48078
7.36617 6.48956
0.759397 6.90376
1.7594 6.90376
2.75398 6.79981
3.75394 6.80859
4.7539 6.81737
5.70451 7.12775
6.65512 7.43814
7.65508 7.44692
