0 0
1 0
1.99817 -0.0604745
2.98422 -0.226937
3.97027 -0.393401
4.89938 -0.763199
5.82849 -1.133
6.81454 -1.29946
0.166463 0.986048
1.16646 0.986048
2.16463 0.925573
3.15068 0.75911
4.13673 0.592647
5.06584 0.222849
5.99495 -0.14695
6.981 -0.313413
0.332926 1.9721
1.33293 1.9721
2.3311 1.91162
3.31714 1.74516
4.30319 1.57869
5.2323 1.2089
6.16142 0.839098
7.14746 0.672635
0.248532 2.96853
1.24853 2.96853
2.2467 2.90805
3.23275 2.74159
4.2188 2.57513
5.14791 2.20533
6.07702 1.83553
7.06307 1.66907
0.414995 3.95458
1.415 3.95458
2.41317 3.8941
3.39921 3.72764
4.38526 3.56117
5.31437 3.19138
6.24348 2.82158
7.22953 2.65511
0.47547 4.95275
1.47547 4.95275
2.47364 4.89227
3.45969 4.72581
4.44573 4.55934
5.37485 4.18955
6.30396 3.81975
7.29001 3.65328
0.535944 5.95091
1.53594 5.95091
2.53411 5.89044
3.52016 5.72398
4.50621 5.55751
5.43532 5.18772
6.36443 4.81792
7.35048 4.65145
0.45155 6.94735
1.45155 6.94735
2.44972 6.88687
3.43577 6.72041
4.42182 6.55395
5.35093 6.18415
6.28004 5.81435
7.26609 5.64789
