0 0
1 0
1.99859 -0.0530951
2.98274 -0.230424
3.96689 -0.407754
4.88243 -0.809995
5.79796 -1.21224
6.78211 -1.38957
0.177329 0.984152
1.17733 0.984152
2.17592 0.931056
3.16007 0.753727
4.14422 0.576398
5.05976 0.174156
5.97529 -0.228086
6.95944 -0.405415
0.354659 1.9683
1.35466 1.9683
2.35325 1.91521
3.3374 1.73788
4.32155 1.56055
5.23708 1.15831
6.15262 0.756066
7.13677 0.578737
0.245952 2.96238
1.24595 2.96238
2.24454 2.90928
3.22869 2.73195
4.21284 2.55462
5.12838 2.15238
6.04391 1.75014
7.02806 1.57281
0.423281 3.94653
1.42328 3.94653
2.42187 3.89343
3.40602 3.7161
4.39017 3.53877
5.30571 3.13653
6.22124 2.73429
7.20539 2.55696
0.476376 4.94512
1.47638 4.94512
2.47497 4.89202
3.45912 4.71469
4.44327 4.53736
5.3588 4.13512
6.27434 3.73288
7.25849 3.55555
0.529471 5.94371
1.52947 5.94371
2.52806 5.89061
3.51221 5.71328
4.49636 5.53595
5.4119 5.13371
6.32743 4.73147
7.31158 4.55414
0.420764 6.93778
1.42076 6.93778
2.41935 6.88469
3.40351 6.70736
4.38766 6.53003
5.30319 6.12779
6.21872 5.72554
7.20288 5.54821
