0 0
1 0
1.99888 -0.0473535
2.98194 -0.230604
3.96501 -0.413854
4.8692 -0.84099
5.77339 -1.26813
6.75645 -1.45138
0.18325 0.983066
1.18325 0.983066
2.18213 0.935713
3.16519 0.752463
4.14826 0.569213
5.05245 0.142076
5.95664 -0.28506
6.9397 -0.46831
0.3665 1.96613
1.3665 1.96613
2.36538 1.91878
3.34844 1.73553
4.33151 1.55228
5.2357 1.12514
6.13989 0.698006
7.12295 0.514756
0.235878 2.95756
1.23588 2.95756
2.23476 2.91021
3.21782 2.72696
4.20089 2.54371
5.10508 2.11657
6.00926 1.68944
6.99233 1.50619
0.419128 3.94063
1.41913 3.94063
2.41801 3.89328
3.40107 3.71003
4.38414 3.52678
5.28833 3.09964
6.19251 2.6725
7.17558 2.48925
0.466481 4.93951
1.46648 4.93951
2.46536 4.89216
3.44843 4.70891
4.43149 4.52566
5.33568 4.09852
6.23987 3.67138
7.22293 3.48813
0.513835 5.93839
1.51383 5.93839
2.51271 5.89103
3.49578 5.70778
4.47885 5.52453
5.38303 5.0974
6.28722 4.67026
7.27029 4.48701
0.383212 6.92982
1.38321 6.92982
2.38209 6.88247
3.36516 6.69922
4.34822 6.51597
5.25241 6.08883
6.1566 5.66169
7.13966 5.47844
