0 0
1 0
1.99919 -0.0401681
2.98134 -0.228273
3.96347 -0.41648
4.85912 -0.861247
5.75476 -1.30601
6.73689 -1.49422
0.188207 0.982129
1.18821 0.982129
2.1874 0.941961
3.16955 0.753857
4.15168 0.565649
5.04732 0.120883
5.94297 -0.323884
6.9251 -0.512091
0.376312 1.96428
1.37631 1.96428
2.3755 1.92411
3.35765 1.73601
4.33978 1.5478
5.23543 1.10303
6.13108 0.658265
7.11321 0.470058
0.228528 2.9533
1.22853 2.9533
2.22772 2.91313
3.20987 2.72503
4.192 2.53682
5.08765 2.09205
5.98329 1.64728
6.96542 1.45908
0.416735 3.93543
1.41673 3.93543
2.41593 3.89526
3.39808 3.70715
4.38021 3.51895
5.27585 3.07418
6.1715 2.62941
7.15363 2.44121
0.456903 4.93462
1.4569 4.93462
2.4561 4.89445
3.43824 4.70635
4.42037 4.51814
5.31602 4.07337
6.21167 3.62861
7.1938 3.4404
0.497071 5.93381
1.49707 5.93381
2.49626 5.89365
3.47841 5.70554
4.46054 5.51733
5.35619 5.07257
6.25184 4.6278
7.23396 4.43959
0.349287 6.92283
1.34929 6.92283
2.34848 6.88266
3.33063 6.69456
4.31276 6.50635
5.2084 6.06159
6.10405 5.61682
7.08618 5.42861
