0 0
1 0
1.99935 -0.0360397
2.98106 -0.2264
3.96275 -0.41691
4.85161 -0.875087
5.74047 -1.33326
6.72216 -1.52377
0.190509 0.981685
1.19051 0.981685
2.18986 0.945646
3.17157 0.755285
4.15326 0.564776
5.04212 0.106599
5.93098 -0.351578
6.91267 -0.542088
0.38087 1.9634
1.38087 1.9634
2.38022 1.92736
3.36193 1.737
4.34362 1.54649
5.23248 1.08831
6.12134 0.630136
7.10303 0.439626
0.219274 2.95026
1.21927 2.95026
2.21862 2.91422
3.20034 2.72386
4.18202 2.53335
5.07089 2.07517
5.95975 1.61699
6.94143 1.42648
0.409784 3.93194
1.40978 3.93194
2.40913 3.8959
3.39085 3.70554
4.37253 3.51503
5.26139 3.05686
6.15026 2.59868
7.13194 2.40817
0.445823 4.93129
1.44582 4.93129
2.44517 4.89525
3.42689 4.70489
4.40857 4.51438
5.29743 4.05621
6.1863 3.59803
7.16798 3.40752
0.481863 5.93064
1.48186 5.93064
2.48121 5.8946
3.46293 5.70424
4.44461 5.51373
5.33347 5.05556
6.22233 4.59738
7.20402 4.40687
0.320267 6.9175
1.32027 6.9175
2.31962 6.88146
3.30133 6.6911
4.28302 6.50059
5.17188 6.04241
6.06074 5.58424
7.04242 5.39373
