0 0
1 0
1.99939 -0.0348274
2.98131 -0.224141
3.96319 -0.41362
4.84776 -0.880035
5.73233 -1.34645
6.71421 -1.53593
0.189478 0.981885
1.18948 0.981885
2.18887 0.947057
3.17079 0.757743
4.15267 0.568265
5.03724 0.10185
5.9218 -0.364566
6.90369 -0.554044
0.378792 1.9638
1.37879 1.9638
2.37819 1.92897
3.3601 1.73966
4.34199 1.55018
5.22655 1.08377
6.11112 0.617351
7.093 0.427872
0.206917 2.94892
1.20692 2.94892
2.20631 2.91409
3.18823 2.72478
4.17011 2.5353
5.05468 2.06888
5.93924 1.60247
6.92113 1.41299
0.396396 3.93081
1.3964 3.93081
2.39579 3.89598
3.37771 3.70666
4.35959 3.51719
5.24416 3.05077
6.12872 2.58435
7.11061 2.39488
0.431223 4.9302
1.43122 4.9302
2.43062 4.89537
3.41253 4.70606
4.39442 4.51658
5.27898 4.05016
6.16355 3.58375
7.14543 3.39427
0.466051 5.92959
1.46605 5.92959
2.46544 5.89476
3.44736 5.70545
4.42925 5.51597
5.31381 5.04956
6.19838 4.58314
7.18026 4.39366
0.294175 6.91471
1.29418 6.91471
2.29357 6.87988
3.27549 6.69057
4.25737 6.50109
5.14194 6.03468
6.0265 5.56826
7.00839 5.37878
