0 0
1 0
1.99937 -0.035511
2.9816 -0.223197
3.9638 -0.411052
4.84508 -0.88364
5.72636 -1.35623
6.70856 -1.54408
0.187856 0.982197
1.18786 0.982197
2.18723 0.946686
3.16945 0.759
4.15165 0.571144
5.03293 0.0985565
5.91422 -0.374031
6.89641 -0.561887
0.375541 1.96443
1.37554 1.96443
2.37491 1.92891
3.35714 1.74123
4.33934 1.55337
5.22062 1.08079
6.1019 0.608198
7.0841 0.420342
0.196091 2.94819
1.19609 2.94819
2.19546 2.91268
3.17769 2.725
4.15989 2.53714
5.04117 2.06455
5.92245 1.59196
6.90465 1.40411
0.383946 3.93039
1.38395 3.93039
2.38332 3.89488
3.36554 3.70719
4.34774 3.51934
5.22903 3.04675
6.11031 2.57416
7.09251 2.38631
0.419457 4.92976
1.41946 4.92976
2.41883 4.89425
3.40106 4.70656
4.38325 4.51871
5.26454 4.04612
6.14582 3.57353
7.12802 3.38567
0.454969 5.92913
1.45497 5.92913
2.45434 5.89362
3.43657 5.70593
4.41876 5.51808
5.30005 5.04549
6.18133 4.5729
7.16353 4.38504
0.275518 6.91289
1.27552 6.91289
2.27489 6.87738
3.25712 6.6897
4.23931 6.50184
5.1206 6.02925
6.00188 5.55667
6.98408 5.36881
