0 0
1 0
1.99927 -0.0381375
2.98193 -0.223588
3.96455 -0.409207
4.84358 -0.885961
5.72262 -1.36272
6.70524 -1.54834
0.185619 0.982622
1.18562 0.982622
2.18489 0.944484
3.16755 0.759034
4.15017 0.573414
5.0292 0.0966602
5.90824 -0.380094
6.89086 -0.565713
0.37107 1.96528
1.37107 1.96528
2.37034 1.92714
3.353 1.74169
4.33562 1.55607
5.21465 1.07931
6.09369 0.60256
7.07631 0.41694
0.186714 2.94813
1.18671 2.94813
2.18599 2.91
3.16864 2.72455
4.15126 2.53893
5.0303 2.06217
5.90933 1.58542
6.89196 1.3998
0.372333 3.93076
1.37233 3.93076
2.37161 3.89262
3.35426 3.70717
4.33688 3.52155
5.21592 3.0448
6.09495 2.56804
7.07758 2.38242
0.41047 4.93003
1.41047 4.93003
2.40974 4.89189
3.3924 4.70644
4.37502 4.52082
5.25405 4.04407
6.13309 3.56731
7.11571 3.38169
0.448608 5.9293
1.44861 5.9293
2.44788 5.89116
3.43053 5.70571
4.41316 5.52009
5.29219 5.04334
6.17123 4.56659
7.15385 4.38097
0.264252 6.91216
1.26425 6.91216
2.26352 6.87402
3.24618 6.68857
4.2288 6.50295
5.10784 6.0262
5.98687 5.54945
6.96949 5.36383
