0 0
1 0
1.99916 -0.0410657
2.9828 -0.221177
3.96642 -0.401449
4.8456 -0.877943
5.72478 -1.35444
6.70839 -1.53471
0.180272 0.983617
1.18027 0.983617
2.17943 0.942551
3.16307 0.76244
4.14669 0.582168
5.02587 0.105674
5.90505 -0.37082
6.88866 -0.551092
0.360383 1.96726
1.36038 1.96726
2.35954 1.9262
3.34319 1.74609
4.3268 1.56581
5.20598 1.08932
6.08516 0.612826
7.06878 0.432555
0.17225 2.94941
1.17225 2.94941
2.17141 2.90834
3.15505 2.72823
4.13867 2.54796
5.01785 2.07146
5.89703 1.59497
6.88064 1.4147
0.352522 3.93302
1.35252 3.93302
2.35168 3.89196
3.33532 3.71185
4.31894 3.53157
5.19812 3.05508
6.0773 2.57859
7.06091 2.39831
0.393588 4.93218
1.39359 4.93218
2.39274 4.89111
3.37639 4.711
4.36001 4.53073
5.23919 4.05424
6.11836 3.57774
7.10198 3.39747
0.434654 5.93134
1.43465 5.93134
2.43381 5.89027
3.41746 5.71016
4.40107 5.52989
5.28025 5.05339
6.15943 4.5769
7.14305 4.39663
0.246521 6.91348
1.24652 6.91348
2.24568 6.87241
3.22932 6.6923
4.21294 6.51203
5.09212 6.03554
5.9713 5.55904
6.95491 5.37877
