0 0
1 0
1.99899 -0.0449359
2.9841 -0.216854
3.96919 -0.388874
4.85119 -0.860125
5.73319 -1.33138
6.71829 -1.5034
0.17202 0.985093
1.17202 0.985093
2.17101 0.940158
3.15612 0.76824
4.14121 0.59622
5.02321 0.124969
5.90521 -0.346282
6.89031 -0.518302
0.343938 1.9702
1.34394 1.9702
2.34293 1.92527
3.32804 1.75335
4.31313 1.58133
5.19513 1.11008
6.07713 0.638829
7.06222 0.466809
0.154472 2.95209
1.15447 2.95209
2.15346 2.90716
3.13857 2.73524
4.12367 2.56322
5.00567 2.09197
5.88767 1.62072
6.87276 1.4487
0.326492 3.93719
1.32649 3.93719
2.32548 3.89225
3.31059 3.72033
4.29569 3.54831
5.17769 3.07706
6.05969 2.60581
7.04478 2.43379
0.371428 4.93618
1.37143 4.93618
2.37042 4.89124
3.35553 4.71932
4.34062 4.5473
5.22262 4.07605
6.10462 3.6048
7.08971 3.43278
0.416364 5.93517
1.41636 5.93517
2.41535 5.89023
3.40047 5.71831
4.38556 5.54629
5.26756 5.07504
6.14956 4.60379
7.13465 4.43177
0.226898 6.91705
1.2269 6.91705
2.22589 6.87212
3.211 6.7002
4.19609 6.52818
5.07809 6.05693
5.96009 5.58568
6.94518 5.41366
