0 0
1 0
1.9923 -0.123891
2.99228 -0.118527
3.99227 -0.113164
4.93139 0.230407
5.87052 0.573978
6.87051 0.579341
-0.00536347 0.999986
0.994637 0.999986
1.98693 0.876095
2.98692 0.881458
3.9869 0.886822
4.92603 1.23039
5.86516 1.57396
6.86514 1.57933
-0.0107269 1.99997
0.989273 1.99997
1.98157 1.87608
2.98155 1.88144
3.98154 1.88681
4.92067 2.23038
5.85979 2.57395
6.85978 2.57931
0.3192 2.94398
1.3192 2.94398
2.3115 2.82009
3.31148 2.82545
4.31147 2.83081
5.25059 3.17438
6.18972 3.51796
7.18971 3.52332
0.313837 3.94396
1.31384 3.94396
2.30613 3.82007
3.30612 3.82544
4.3061 3.8308
5.24523 4.17437
6.18436 4.51794
7.18434 4.5233
0.437728 4.93626
1.43773 4.93626
2.43002 4.81237
3.43001 4.81773
4.42999 4.8231
5.36912 5.16667
6.30825 5.51024
7.30823 5.5156
0.561618 5.92855
1.56162 5.92855
2.55391 5.80466
3.5539 5.81003
4.55389 5.81539
5.49301 6.15896
6.43214 6.50253
7.43212 6.5079
0.891545 6.87256
1.89155 6.87256
2.88384 6.74867
3.88383 6.75403
4.88381 6.7594
5.82294 7.10297
6.76207 7.44654
7.76205 7.4519
