0 0
1 0
1.99867 -0.0515935
2.98571 -0.212075
3.97273 -0.372623
4.86029 -0.833334
5.74784 -1.29404
6.73486 -1.45459
0.160549 0.987028
1.16055 0.987028
2.15922 0.935434
3.14626 0.774953
4.13328 0.614404
5.02083 0.153694
5.90839 -0.307016
6.89541 -0.467565
0.32103 1.97407
1.32103 1.97407
2.3197 1.92247
3.30674 1.76199
4.29376 1.60144
5.18132 1.14073
6.06887 0.680023
7.05589 0.519474
0.133807 2.95638
1.13381 2.95638
2.13248 2.90479
3.11951 2.74431
4.10654 2.58376
4.99409 2.12305
5.88164 1.66234
6.86867 1.50179
0.294356 3.94341
1.29436 3.94341
2.29302 3.89182
3.28006 3.73134
4.26709 3.57079
5.15464 3.11008
6.04219 2.64937
7.02922 2.48882
0.34595 4.94208
1.34595 4.94208
2.34462 4.89049
3.33166 4.73001
4.31868 4.56946
5.20624 4.10875
6.09379 3.64804
7.08081 3.48749
0.397543 5.94075
1.39754 5.94075
2.39621 5.88916
3.38325 5.72867
4.37028 5.56813
5.25783 5.10741
6.14538 4.6467
7.13241 4.48616
0.210321 6.92307
1.21032 6.92307
2.20899 6.87147
3.19603 6.71099
4.18306 6.55044
5.07061 6.08973
5.95816 5.62902
6.94518 5.46847
