0 0
1 0
1.99846 -0.0554317
2.98837 -0.197168
3.97827 -0.338941
4.87865 -0.774028
5.77904 -1.20912
6.76894 -1.35089
0.141773 0.989899
1.14177 0.989899
2.14024 0.934467
3.13014 0.792731
4.12004 0.650958
5.02043 0.215871
5.92082 -0.219216
6.91072 -0.360989
0.28351 1.9798
1.28351 1.9798
2.28197 1.92437
3.27188 1.78264
4.26178 1.64086
5.16216 1.20578
6.06255 0.770689
7.05245 0.628915
0.103558 2.96348
1.10356 2.96348
2.10202 2.90805
3.09192 2.76631
4.08182 2.62454
4.98221 2.18945
5.8826 1.75436
6.8725 1.61259
0.245331 3.95338
1.24533 3.95338
2.24379 3.89795
3.2337 3.75621
4.2236 3.61444
5.12399 3.17935
6.02437 2.74426
7.01427 2.60249
0.300763 4.95184
1.30076 4.95184
2.29923 4.89641
3.28913 4.75467
4.27903 4.6129
5.17942 4.17781
6.07981 3.74273
7.0697 3.60095
0.356194 5.9503
1.35619 5.9503
2.35466 5.89487
3.34456 5.75313
4.33446 5.61136
5.23485 5.17627
6.13524 4.74119
7.12514 4.59942
0.176243 6.93398
1.17624 6.93398
2.17471 6.87855
3.16461 6.73681
4.15451 6.59504
5.0549 6.15995
5.95529 5.72486
6.94518 5.58309
