0 0
1 0
1.99788 -0.0651554
2.99145 -0.178315
3.98503 -0.291492
4.90523 -0.682922
5.82544 -1.07435
6.81902 -1.18753
0.113177 0.993575
1.11318 0.993575
2.11105 0.928419
3.10463 0.81526
4.0982 0.702083
5.01841 0.310653
5.93862 -0.080778
6.93219 -0.193955
0.226336 1.98715
1.22634 1.98715
2.22421 1.922
3.21779 1.80884
4.21136 1.69566
5.13157 1.30423
6.05178 0.912799
7.04535 0.799622
0.0642313 2.97393
1.06423 2.97393
2.06211 2.90877
3.05568 2.79561
4.04926 2.68243
4.96947 2.291
5.88967 1.89957
6.88325 1.7864
0.177408 3.9675
1.17741 3.9675
2.17528 3.90234
3.16886 3.78919
4.16243 3.67601
5.08264 3.28458
6.00285 2.89315
6.99643 2.77997
0.242564 4.96538
1.24256 4.96538
2.24044 4.90022
3.23402 4.78706
4.22759 4.67388
5.1478 4.28245
6.06801 3.89102
7.06158 3.77785
0.307719 5.96325
1.30772 5.96325
2.30559 5.89809
3.29917 5.78494
4.29275 5.67176
5.21295 5.28033
6.13316 4.8889
7.12674 4.77572
0.145614 6.95002
1.14561 6.95002
2.14349 6.88487
3.13707 6.77171
4.13064 6.65853
5.05085 6.2671
5.97106 5.87567
6.96463 5.76249
