0 0
1 0
1.99888 -0.0472947
2.99422 -0.143681
3.98957 -0.240037
4.93633 -0.561974
5.88309 -0.883911
6.87844 -0.980268
0.0963563 0.995347
1.09636 0.995347
2.09524 0.948052
3.09058 0.851666
4.08593 0.75531
5.03269 0.433373
5.97945 0.111435
6.9748 0.0150792
0.192743 1.99069
1.19274 1.99069
2.19162 1.9434
3.18697 1.84701
4.18231 1.75065
5.12908 1.42872
6.07584 1.10678
7.07118 1.01042
0.0634442 2.9823
1.06344 2.9823
2.06233 2.935
3.05767 2.83862
4.05302 2.74226
4.99978 2.42032
5.94654 2.09839
6.94189 2.00203
0.1598 3.97764
1.1598 3.97764
2.15868 3.93035
3.15403 3.83396
4.14937 3.73761
5.09613 3.41567
6.04289 3.09373
7.03824 2.99738
0.207095 4.97652
1.2071 4.97652
2.20598 4.92923
3.20132 4.83284
4.19667 4.73649
5.14343 4.41455
6.09019 4.09261
7.08554 3.99626
0.25439 5.97541
1.25439 5.97541
2.25327 5.92811
3.24861 5.83172
4.24396 5.73537
5.19072 5.41343
6.13748 5.09149
7.13283 4.99514
0.125091 6.96701
1.12509 6.96701
2.12397 6.91972
3.11932 6.82333
4.11466 6.72697
5.06142 6.40504
6.00819 6.0831
7.00353 5.98674
