0 0
1 0
1.99902 -0.0441537
2.99675 -0.111634
3.99446 -0.179211
4.96515 -0.419559
5.93583 -0.659907
6.93355 -0.727484
0.0675768 0.997714
1.06758 0.997714
2.0666 0.95356
3.06432 0.88608
4.06204 0.818503
5.03272 0.578155
6.00341 0.337807
7.00112 0.27023
0.135057 1.99543
1.13506 1.99543
2.13408 1.95128
3.1318 1.8838
4.12952 1.81622
5.1002 1.57588
6.07089 1.33553
7.0686 1.26795
0.0464571 2.9915
1.04646 2.9915
2.04548 2.94735
3.0432 2.87987
4.04092 2.81229
5.0116 2.57194
5.98229 2.33159
6.98 2.26402
0.114034 3.98922
1.11403 3.98922
2.11306 3.94506
3.11078 3.87758
4.10849 3.81001
5.07918 3.56966
6.04987 3.32931
7.04758 3.26173
0.158188 4.98824
1.15819 4.98824
2.15721 4.94409
3.15493 4.87661
4.15265 4.80903
5.12333 4.56868
6.09402 4.32833
7.09173 4.26076
0.202341 5.98727
1.20234 5.98727
2.20137 5.94311
3.19909 5.87563
4.1968 5.80805
5.16749 5.56771
6.13817 5.32736
7.13589 5.25978
0.113741 6.98333
1.11374 6.98333
2.11277 6.93918
3.11049 6.8717
4.1082 6.80412
5.07889 6.56377
6.04957 6.32343
7.04729 6.25585
