0 0
1 0
1.99969 0.0248367
2.99702 -0.0481568
3.99441 -0.120404
4.98668 -0.244468
5.97896 -0.368532
6.97635 -0.440779
0.0722472 0.997387
1.07225 0.997387
2.07194 1.02222
3.06927 0.94923
4.06666 0.876983
5.05893 0.752919
6.05121 0.628855
7.04859 0.556608
0.145241 1.99472
1.14524 1.99472
2.14493 2.01956
3.14226 1.94656
4.13965 1.87432
5.13193 1.75025
6.1242 1.62619
7.12159 1.55394
0.116255 2.9943
1.11626 2.9943
2.11595 3.01914
3.11328 2.94614
4.11067 2.8739
5.10294 2.74983
6.09521 2.62577
7.0926 2.55352
0.188503 3.99169
1.1885 3.99169
2.18819 4.01652
3.18553 3.94353
4.18291 3.87128
5.17519 3.74722
6.16746 3.62315
7.16485 3.55091
0.163666 4.99138
1.16367 4.99138
2.16336 5.01621
3.16069 4.94322
4.15808 4.87097
5.15035 4.74691
6.14263 4.62285
7.14001 4.5506
0.138829 5.99107
1.13883 5.99107
2.13852 6.01591
3.13585 5.94291
4.13324 5.87066
5.12551 5.7466
6.11779 5.62254
7.11518 5.55029
0.109844 6.99065
1.10984 6.99065
2.10954 7.01549
3.10687 6.94249
4.10425 6.87024
5.09653 6.74618
6.0888 6.62212
7.08619 6.54987
