0 0
1 0
1.9998 -0.0197615
2.9994 -0.0482582
3.99899 -0.0767549
4.99751 -0.131277
5.99602 -0.1858
6.99561 -0.214297
0.0284967 0.999594
1.0285 0.999594
2.0283 0.979832
3.0279 0.951336
4.02749 0.922839
5.026 0.868316
6.02451 0.813794
7.02411 0.785297
0.0569934 1.99919
1.05699 1.99919
2.0568 1.97943
3.05639 1.95093
4.05599 1.92243
5.0545 1.86791
6.05301 1.81339
7.0526 1.78489
0.0592269 2.99919
1.05923 2.99919
2.05903 2.97942
3.05863 2.95093
4.05822 2.92243
5.05673 2.86791
6.05524 2.81339
7.05484 2.78489
0.0877236 3.99878
1.08772 3.99878
2.08753 3.97902
3.08712 3.95052
4.08672 3.92202
5.08523 3.8675
6.08374 3.81298
7.08334 3.78448
0.107485 4.99858
1.10749 4.99858
2.10729 4.97882
3.10688 4.95033
4.10648 4.92183
5.10499 4.86731
6.1035 4.81278
7.1031 4.78429
0.127247 5.99839
1.12725 5.99839
2.12705 5.97863
3.12665 5.95013
4.12624 5.92163
5.12475 5.86711
6.12326 5.81259
7.12286 5.78409
0.12948 6.99839
1.12948 6.99839
2.12928 6.97862
3.12888 6.95013
4.12847 6.92163
5.12699 6.86711
6.1255 6.81259
7.12509 6.78409
