0 0
1 0
1.99975 -0.0225383
2.99962 -0.0381678
3.9995 -0.0537973
4.99949 -0.0486974
5.99948 -0.0435976
6.99935 -0.0592271
0.0156295 0.999878
1.01563 0.999878
2.01538 0.97734
3.01525 0.96171
4.01513 0.946081
5.01512 0.95118
6.01511 0.95628
7.01498 0.940651
0.031259 1.99976
1.03126 1.99976
2.031 1.97722
3.03088 1.96159
4.03076 1.94596
5.03075 1.95106
6.03073 1.95616
7.03061 1.94053
0.0675963 2.9991
1.0676 2.9991
2.06734 2.97656
3.06722 2.96093
4.0671 2.9453
5.06709 2.9504
6.06707 2.9555
7.06695 2.93987
0.0832258 3.99897
1.08323 3.99897
2.08297 3.97643
3.08285 3.96081
4.08273 3.94518
5.08271 3.95028
6.0827 3.95538
7.08258 3.93975
0.105764 4.99872
1.10576 4.99872
2.10551 4.97618
3.10539 4.96055
4.10527 4.94492
5.10525 4.95002
6.10524 4.95512
7.10512 4.93949
0.128302 5.99847
1.1283 5.99847
2.12805 5.97593
3.12793 5.9603
4.1278 5.94467
5.12779 5.94977
6.12778 5.95487
7.12766 5.93924
0.16464 6.9978
1.16464 6.9978
2.16439 6.97527
3.16426 6.95964
4.16414 6.94401
5.16413 6.94911
6.16412 6.95421
7.16399 6.93858
