0 0
1 0
1.9987 -0.050899
2.99868 -0.043717
3.99865 -0.036535
4.99755 0.010409
5.99645 0.057353
6.99642 0.064535
-0.007182 0.999974
0.992818 0.999974
1.99152 0.949075
2.9915 0.956257
3.99147 0.963439
4.99037 1.01038
5.98927 1.05733
6.98924 1.06451
-0.014364 1.99995
0.985636 1.99995
1.98434 1.94905
2.98431 1.95623
3.98429 1.96341
4.98319 2.01036
5.98208 2.0573
6.98206 2.06448
0.0463148 2.99811
1.04631 2.99811
2.04502 2.94721
3.04499 2.95439
4.04497 2.96157
5.04386 3.00851
6.04276 3.05546
7.04274 3.06264
0.0391328 3.99808
1.03913 3.99808
2.03784 3.94718
3.03781 3.95436
4.03779 3.96154
5.03668 4.00849
6.03558 4.05543
7.03555 4.06262
0.0900318 4.99678
1.09003 4.99678
2.08874 4.94588
3.08871 4.95307
4.08868 4.96025
5.08758 5.00719
6.08648 5.05414
7.08645 5.06132
0.140931 5.99549
1.14093 5.99549
2.13963 5.94459
3.13961 5.95177
4.13958 5.95895
5.13848 6.0059
6.13738 6.05284
7.13735 6.06002
0.20161 6.99364
1.20161 6.99364
2.20031 6.94275
3.20029 6.94993
4.20026 6.95711
5.19916 7.00405
6.19806 7.051
7.19803 7.05818
