0 0
1 0
1.99956 -0.0297132
2.99956 -0.0289041
3.99956 -0.028095
4.99531 0.0639502
5.99107 0.155996
6.99107 0.156805
-0.000809094 1
0.999191 1
1.99875 0.970286
2.99875 0.971096
3.99875 0.971905
4.9945 1.06395
5.99026 1.156
6.99026 1.1568
-0.00161819 2
0.998382 2
1.99794 1.97029
2.99794 1.9711
3.99794 1.9719
4.99369 2.06395
5.98945 2.15599
6.98945 2.1568
0.0879511 2.99598
1.08795 2.99598
2.08751 2.96627
3.08751 2.96708
4.08751 2.96788
5.08326 3.05993
6.07902 3.15198
7.07902 3.15278
0.087142 3.99598
1.08714 3.99598
2.0867 3.96627
3.0867 3.96708
4.0867 3.96788
5.08245 4.05993
6.07821 4.15198
7.07821 4.15278
0.116855 4.99554
1.11686 4.99554
2.11641 4.96582
3.11641 4.96663
4.11641 4.96744
5.11217 5.05949
6.10792 5.15153
7.10792 5.15234
0.146568 5.9951
1.14657 5.9951
2.14613 5.96538
3.14613 5.96619
4.14613 5.967
5.14188 6.05905
6.13764 6.15109
7.13764 6.1519
0.236138 6.99108
1.23614 6.99108
2.2357 6.96136
3.2357 6.96217
4.2357 6.96298
5.23145 7.05503
6.22721 7.14707
7.2272 7.14788
