#num_vertices #num_cells #num_anchors #index_inputvertex #num_inputpoints #index_outputvertex #num_outputpoints
64 49 2 63 182 -1 0

#vertices
0 0
1 0
2 0
3 0
4 0
5 0
6 0
7 0
0 1
1 1
2 1 
3 1
4 1
5 1
6 1
7 1
0 2
1 2
2 2
3 2
4 2
5 2
6 2
7 2
0 3
1 3
2 3
3 3
4 3
5 3
6 3
7 3
0 4
1 4
2 4
3 4
4 4
5 4
6 4
7 4
0 5
1 5
2 5
3 5
4 5
5 5
6 5
7 5
0 6
1 6
2 6
3 6
4 6
5 6
6 6
7 6
0 7
1 7
2 7
3 7
4 7
5 7
6 7
7 7

#anchors
0 1

#cells [type s=shear r=rigid]
s 0 1 9 8  
s 1 2 10 9 
s 2 3 11 10 
s 3 4 12 11 
s 4 5 13 12
s 5 6 14 13 
s 6 7 15 14
s 8 9 17 16 
s 9 10 18 17 
s 10 11 19 18 
s 11 12 20 19 
s 12 13 21 20
s 13 14 22 21  
s 14 15 23 22  
s 16 17 25 24
s 17 18 26 25  
s 18 19 27 26 
s 19 20 28 27
s 20 21 29 28 
s 21 22 30 29
s 22 23 31 30  
s 24 25 33 32
s 25 26 34 33 
s 26 27 35 34 
s 27 28 36 35 
s 28 29 37 36 
s 29 30 38 37 
s 30 31 39 38  
s 32 33 41 40 
s 33 34 42 41
s 34 35 43 42  
s 35 36 44 43 
s 36 37 45 44 
s 37 38 46 45 
s 38 39 47 46  
s 40 41 49 48 
s 41 42 50 49 
s 42 43 51 50 
s 43 44 52 51 
s 44 45 53 52 
s 45 46 54 53 
s 46 47 55 54 
s 48 49 57 56 
s 49 50 58 57 
s 50 51 59 58 
s 51 52 60 59 
s 52 53 61 60 
s 53 54 62 61 
s 54 55 63 62 

#input path
6.927696204	7.105874976
6.927696204	7.105874976
6.946481417	7.117847725
6.981494065	7.11917807
7.026875121	7.11917807
7.077441767	7.11917807
7.118934281	7.11917807
7.150053017	7.11917807
7.174689116	7.11917807
7.203213757	7.12050743
7.233035446	7.128480922
7.258968592	7.141769189
7.271933865	7.155057456
7.278416502	7.164360308
7.286196186	7.176319215
7.291381776	7.188278122
7.291381776	7.193592896
7.291381776	7.202895748
7.279713549	7.222828148
7.260265639	7.242760547
7.242112177	7.254719455
7.222664267	7.264022307
7.208401946	7.269337081
7.191545531	7.273322495
7.139681838	7.277307909
7.09040964	7.277307909
7.077444367	7.273322495
7.060587951	7.262690283
7.041140041	7.250731376
7.030766263	7.241428524
7.024283626	7.229469617
7.021689532	7.21751071
7.021689532	7.204222443
7.024283626	7.192263536
7.033360357	7.181631325
7.047622678	7.168343058
7.072258777	7.149737354
7.102080465	7.129804954
7.121528376	7.117846047
7.139681838	7.101899061
7.161723843	7.079307943
7.190248484	7.047413972
7.225255762	7.004887789
7.26026304	6.959705552
7.292678823	6.917179369
7.318611969	6.878641265
7.341951021	6.840103161
7.363993025	6.804223775
7.383440935	6.771000445
7.400297351	6.741765193
7.411965577	6.721832793
7.417151166	6.712529941
7.418448213	6.708544527
7.417151166	6.707215167
7.411965577	6.708544527
7.400297351	6.712529941
7.383440935	6.720503434
7.356213341	6.739109138
7.314720827	6.76834439
7.26026304	6.805553135
7.205805252	6.844091239
7.155238606	6.879970624
7.112451645	6.911864595
7.091706687	6.931796995
7.082629956	6.945085262
7.077444367	6.957044169
7.074850272	6.963688302
7.073553225	6.966347021
7.072256178	6.96900574
7.072256178	6.96767638
7.074850272	6.959702888
7.078738814	6.946414621
7.086518498	6.921164783
7.094298182	6.885285398
7.099483772	6.846747294
7.103372314	6.802894416
7.104669361	6.760368233
7.102075267	6.724488848
7.09559263	6.692594877
7.085218852	6.66601568
7.070956531	6.639436483
7.054100116	6.612857286
7.037243701	6.594251581
7.02298138	6.580963315
7.011313154	6.571660463
7.002236423	6.567675048
6.995753786	6.565016329
6.991865244	6.56368697
6.987976702	6.567672384
6.985382607	6.576975236
6.985382607	6.591592862
6.985382607	6.622157474
6.990568197	6.66999843
7.000941975	6.729798294
7.012610201	6.801559728
7.02298398	6.879965296
7.033357758	6.942423879
7.043731536	6.983620702
7.052808268	7.015514673
7.060587951	7.039435151
7.064476494	7.051394058
7.065773541	7.050064698
7.061884999	7.040761846
7.052808268	7.023485501
7.038545947	7.000894383
7.016503942	6.979632623
6.989276348	6.959700223
6.949080881	6.937109105
6.897217188	6.910529908
6.846650542	6.887938789
6.793489802	6.871991803
6.727363788	6.854715459
6.683279779	6.844083247
6.674203048	6.842753887
6.669017459	6.842753887
6.666423364	6.844083247
6.669017459	6.848068661
6.676797143	6.854712794
6.702730289	6.86933042
6.746814298	6.887936125
6.783118623	6.901224391
6.832390821	6.918500736
6.884254514	6.937106441
6.912779155	6.949065348
6.933524113	6.957038841
6.943897891	6.961024255
6.947786433	6.962353614
6.949083481	6.963682974
6.947786433	6.966341693
6.942600844	6.969000412
6.930932618	6.971659131
6.914076203	6.974317849
6.89592274	6.976976568
6.875177783	6.979635287
6.840170505	6.986279421
6.797383543	6.996911632
6.755891029	7.008870539
6.715695562	7.024817525
6.683279779	7.043423229
6.657346633	7.062028934
6.640490218	7.077975919
6.63011644	7.089934826
6.622336756	7.096578959
6.618448213	7.100564374
6.619745261	7.103223093
6.627524945	7.103223093
6.640490218	7.103223093
6.659938128	7.103223093
6.687165722	7.103223093
6.722173	7.100564374
6.763665514	7.09392024
6.806452476	7.084617388
6.844053849	7.076643896
6.868689948	7.072658481
6.885546363	7.071329122
6.897214589	7.069999762
6.901103131	7.068670403
6.898509037	7.068670403
6.889432306	7.076643896
6.872575891	7.0952496
6.853127981	7.123155492
6.832383023	7.161693597
6.814229561	7.20289042
6.79996724	7.246743298
6.790890509	7.285281402
6.788296415	7.31053124
6.788296415	7.337110437
6.788296415	7.357042837
6.788296415	7.36368697
6.790890509	7.359701556
6.798670193	7.342425211
6.810338419	7.317175373
6.827194834	7.281295988
6.853127981	7.229469617
6.875169985	7.185616739
6.888135259	7.161696261
6.898509037	7.144419916
6.903694626	7.133787704
6.906288721	7.127143571
6.917317791	7.112521195
6.917317791	7.112521195
6.927696204	7.105874976