#num_vertices #num_cells #num_anchors #index_inputvertex #num_inputpoints #index_outputvertex #num_outputpoints
36 25 2 35 50 -1 0

#vertices
0 0
1 0
2 0
3 0
4 0
5 0
0 1
1 1
2 1 
3 1
4 1
5 1
0 2
1 2
2 2
3 2
4 2
5 2
0 3
1 3
2 3
3 3
4 3
5 3
0 4
1 4
2 4
3 4
4 4
5 4
0 5
1 5
2 5
3 5
4 5
5 5

#anchors
0 1

#cells [type s=shear r=rigid]
s 0 1 7 6 
s 1 2 8 7 
s 2 3 9 8 
s 3 4 10 9 
s 4 5 11 10 
s 6 7 13 12 
s 7 8 14 13 
s 8 9 15 14 
s 9 10 16 15 
s 10 11 17 16 
s 12 13 19 18 
s 13 14 20 19 
s 14 15 21 20 
s 15 16 22 21 
s 16 17 23 22 
s 18 19 25 24 
s 19 20 26 25 
s 20 21 27 26 
s 21 22 28 27
s 22 23 29 28 
s 24 25 31 30
s 25 26 32 31 
s 26 27 33 32 
s 27 28 34 33 
s 28 29 35 34

#input path
4.5	5.5
4.520408163	5.479591837
4.540816327	5.459183673
4.56122449	5.43877551
4.581632653	5.418367347
4.602040816	5.397959184
4.62244898	5.37755102
4.642857143	5.357142857
4.663265306	5.336734694
4.683673469	5.316326531
4.704081633	5.295918367
4.724489796	5.275510204
4.744897959	5.255102041
4.765306122	5.234693878
4.785714286	5.214285714
4.806122449	5.193877551
4.826530612	5.173469388
4.846938776	5.153061224
4.867346939	5.132653061
4.887755102	5.112244898
4.908163265	5.091836735
4.928571429	5.071428571
4.948979592	5.051020408
4.969387755	5.030612245
4.989795918	5.010204082
5.010204082	4.989795918
5.030612245	4.969387755
5.051020408	4.948979592
5.071428571	4.928571429
5.091836735	4.908163265
5.112244898	4.887755102
5.132653061	4.867346939
5.153061224	4.846938776
5.173469388	4.826530612
5.193877551	4.806122449
5.214285714	4.785714286
5.234693878	4.765306122
5.255102041	4.744897959
5.275510204	4.724489796
5.295918367	4.704081633
5.316326531	4.683673469
5.336734694	4.663265306
5.357142857	4.642857143
5.37755102	4.62244898
5.397959184	4.602040816
5.418367347	4.581632653
5.43877551	4.56122449
5.459183673	4.540816327
5.479591837	4.520408163
5.5	4.5
