#num_vertices #num_cells #num_anchors #index_inputvertex #num_inputpoints #index_outputvertex #num_outputpoints
64 49 2 63 182 -1 0

#vertices
0 0
1 0
2 0
3 0
4 0
5 0
6 0
7 0
0 1
1 1
2 1 
3 1
4 1
5 1
6 1
7 1
0 2
1 2
2 2
3 2
4 2
5 2
6 2
7 2
0 3
1 3
2 3
3 3
4 3
5 3
6 3
7 3
0 4
1 4
2 4
3 4
4 4
5 4
6 4
7 4
0 5
1 5
2 5
3 5
4 5
5 5
6 5
7 5
0 6
1 6
2 6
3 6
4 6
5 6
6 6
7 6
0 7
1 7
2 7
3 7
4 7
5 7
6 7
7 7

#anchors
0 1

#cells [type s=shear r=rigid]
s 0 1 9 8  
s 1 2 10 9 
s 2 3 11 10 
s 3 4 12 11 
s 4 5 13 12
s 5 6 14 13 
s 6 7 15 14
s 8 9 17 16 
s 9 10 18 17 
s 10 11 19 18 
s 11 12 20 19 
s 12 13 21 20
s 13 14 22 21  
s 14 15 23 22  
s 16 17 25 24
s 17 18 26 25  
s 18 19 27 26 
s 19 20 28 27
s 20 21 29 28 
s 21 22 30 29
s 22 23 31 30  
s 24 25 33 32
s 25 26 34 33 
s 26 27 35 34 
s 27 28 36 35 
s 28 29 37 36 
s 29 30 38 37 
s 30 31 39 38  
s 32 33 41 40 
s 33 34 42 41
s 34 35 43 42  
s 35 36 44 43 
s 36 37 45 44 
s 37 38 46 45 
s 38 39 47 46  
s 40 41 49 48 
s 41 42 50 49 
s 42 43 51 50 
s 43 44 52 51 
s 44 45 53 52 
s 45 46 54 53 
s 46 47 55 54 
s 48 49 57 56 
s 49 50 58 57 
s 50 51 59 58 
s 51 52 60 59 
s 52 53 61 60 
s 53 54 62 61 
s 54 55 63 62 

#input path
6.728860766	7.397031159
6.728860766	7.397031159
6.799305313	7.441928969
6.930602744	7.446917764
7.100781705	7.446917764
7.290406627	7.446917764
7.446003555	7.446917764
7.562698814	7.446917764
7.655084185	7.446917764
7.76205159	7.451902861
7.873882922	7.481803459
7.97113222	7.531634459
8.019751995	7.581465458
8.044061883	7.616351154
8.073235698	7.661197056
8.092681658	7.706042957
8.092681658	7.725973359
8.092681658	7.760859055
8.04892581	7.835605554
7.975996147	7.910352053
7.907920663	7.955197955
7.834991	7.99008365
7.781507298	8.010014052
7.718295741	8.024959356
7.523806892	8.03990466
7.33903615	8.03990466
7.290416374	8.024959356
7.227204818	7.985088562
7.154275155	7.940242661
7.115373486	7.905356965
7.091063598	7.860511063
7.081335744	7.815665162
7.081335744	7.765834162
7.091063598	7.720988261
7.12510134	7.681117467
7.178585043	7.631286468
7.270970414	7.561515076
7.382801746	7.486768577
7.455731409	7.441922675
7.523806892	7.38212148
7.606464409	7.297404785
7.713431814	7.177802394
7.844709107	7.018329209
7.975986399	6.848895818
8.097545585	6.689422634
8.194794883	6.544904743
8.282316328	6.400386852
8.364973845	6.265839157
8.437903508	6.141251668
8.501115064	6.031619473
8.544870913	5.956872974
8.564316874	5.921987278
8.569180801	5.907041975
8.564316874	5.902056877
8.544870913	5.907041975
8.501115064	5.921987278
8.437903508	5.951887876
8.33580003	6.021659268
8.180203102	6.131291463
7.975986399	6.270824255
7.771769696	6.415342146
7.582144774	6.549889841
7.421693667	6.669492232
7.343900077	6.744238731
7.309862335	6.794069731
7.290416374	6.838915632
7.28068852	6.863831132
7.275824593	6.873801328
7.270960666	6.883771524
7.270960666	6.878786426
7.28068852	6.848885828
7.295270554	6.799054829
7.324444369	6.704367937
7.353618184	6.569820243
7.373064144	6.425302352
7.387646178	6.260854059
7.392510105	6.101380875
7.382782251	5.96683318
7.358472363	5.847230789
7.319570694	5.7475588
7.266086992	5.647886811
7.202875436	5.548214821
7.139663879	5.47844343
7.086180177	5.42861243
7.042424328	5.393726735
7.008386587	5.378781431
6.984076699	5.368811235
6.969494665	5.363826137
6.954912631	5.378771441
6.945184777	5.413657136
6.945184777	5.468473234
6.945184777	5.583090527
6.964630738	5.762494113
7.003532407	5.986743601
7.047288255	6.255848981
7.086189924	6.549869861
7.125091593	6.784089545
7.163993262	6.938577631
7.198031003	7.058180022
7.227204818	7.147881816
7.241786852	7.192727717
7.246650779	7.187742619
7.232068745	7.152856923
7.198031003	7.08807063
7.144547301	7.003353935
7.061889784	6.923622337
6.959786306	6.848875838
6.809053305	6.764159143
6.614564456	6.664487154
6.424939534	6.579770458
6.225586758	6.519969263
5.977614207	6.455182969
5.812299172	6.415312176
5.778261431	6.410327078
5.75881547	6.410327078
5.749087616	6.415312176
5.75881547	6.430257479
5.787989285	6.455172979
5.885238583	6.509989077
6.050553617	6.579760468
6.186694837	6.629591468
6.371465579	6.694377761
6.565954428	6.764149153
6.672921833	6.808995054
6.750715423	6.838895652
6.789617092	6.853840956
6.804199126	6.858826054
6.809063053	6.863811152
6.804199126	6.873781348
6.784753165	6.883751544
6.740997316	6.89372174
6.67778576	6.903691936
6.609710277	6.913662132
6.531916686	6.923632328
6.400639394	6.948547827
6.240188286	6.988418621
6.084591359	7.033264523
5.933858358	7.093065718
5.812299172	7.162837109
5.715049874	7.232608501
5.651838318	7.292409696
5.612936649	7.337255598
5.583762834	7.362171098
5.569180801	7.377116402
5.574044728	7.387086597
5.603218542	7.387086597
5.651838318	7.387086597
5.724767981	7.387086597
5.826871459	7.387086597
5.958148751	7.377116402
6.113745679	7.352200902
6.274196786	7.317315206
6.415201933	7.287414608
6.507587304	7.272469304
6.57079886	7.267484207
6.614554709	7.262499109
6.629136743	7.257514011
6.619408888	7.257514011
6.585371147	7.287414608
6.52215959	7.357186
6.449229927	7.461833097
6.371436337	7.606350987
6.303360854	7.760839074
6.249877151	7.925287367
6.215839409	8.069805257
6.206111555	8.164492149
6.206111555	8.264164138
6.206111555	8.338910637
6.206111555	8.363826137
6.215839409	8.348880833
6.245013224	8.28409454
6.288769073	8.189407648
6.351980629	8.054859954
6.449229927	7.860511063
6.531887444	7.696062771
6.58050722	7.606360978
6.619408888	7.541574684
6.638854849	7.50170389
6.648582703	7.476788391
6.689941718	7.421954481
6.689941718	7.421954481
6.728860766	7.397031159