#num_vertices #num_cells #num_anchors #index_inputvertex #num_inputpoints #index_outputvertex #num_outputpoints
49 36 2 48 50 -1 0

#vertices
0 0
1 0
2 0
3 0
4 0
5 0
6 0
0 1
1 1
2 1 
3 1
4 1
5 1
6 1
0 2
1 2
2 2
3 2
4 2
5 2
6 2
0 3
1 3
2 3
3 3
4 3
5 3
6 3
0 4
1 4
2 4
3 4
4 4
5 4
6 4
0 5
1 5
2 5
3 5
4 5
5 5
6 5
0 6
1 6
2 6
3 6
4 6
5 6
6 6

#anchors
0 1

#cells [type s=shear r=rigid]
s 0 1 8 7 
s 1 2 9 8 
s 2 3 10 9 
s 3 4 11 10 
s 4 5 12 11
s 5 6 13 12  
s 7 8 15 14 
s 8 9 16 15 
s 9 10 17 16 
s 10 11 18 17 
s 11 12 19 18 
s 12 13 20 19 
s 14 15 22 21 
s 15 16 23 22 
s 16 17 24 23
s 17 18 25 24  
s 18 19 26 25 
s 19 20 27 26 
s 21 22 29 28
s 22 23 30 29 
s 23 24 31 30 
s 24 25 32 31
s 25 26 33 32 
s 26 27 34 33 
s 28 29 36 35 
s 29 30 37 36 
s 30 31 38 37 
s 31 32 39 38 
s 32 33 40 39 
s 33 34 41 40 
s 35 36 43 42 
s 36 37 44 43 
s 37 38 45 44 
s 38 39 46 45 
s 39 40 47 46 
s 40 41 48 47 

#input path
5.5	6.5
5.520408163	6.479591837
5.540816327	6.459183673
5.56122449	6.43877551
5.581632653	6.418367347
5.602040816	6.397959184
5.62244898	6.37755102
5.642857143	6.357142857
5.663265306	6.336734694
5.683673469	6.316326531
5.704081633	6.295918367
5.724489796	6.275510204
5.744897959	6.255102041
5.765306122	6.234693878
5.785714286	6.214285714
5.806122449	6.193877551
5.826530612	6.173469388
5.846938776	6.153061224
5.867346939	6.132653061
5.887755102	6.112244898
5.908163265	6.091836735
5.928571429	6.071428571
5.948979592	6.051020408
5.969387755	6.030612245
5.989795918	6.010204082
6.010204082	5.989795918
6.030612245	5.969387755
6.051020408	5.948979592
6.071428571	5.928571429
6.091836735	5.908163265
6.112244898	5.887755102
6.132653061	5.867346939
6.153061224	5.846938776
6.173469388	5.826530612
6.193877551	5.806122449
6.214285714	5.785714286
6.234693878	5.765306122
6.255102041	5.744897959
6.275510204	5.724489796
6.295918367	5.704081633
6.316326531	5.683673469
6.336734694	5.663265306
6.357142857	5.642857143
6.37755102	5.62244898
6.397959184	5.602040816
6.418367347	5.581632653
6.43877551	5.56122449
6.459183673	5.540816327
6.479591837	5.520408163
6.5	5.5
