#num_vertices #num_cells #num_anchors #index_inputvertex #num_inputpoints #index_outputvertex #num_outputpoints
64 49 2 63 71 -1 0

#vertices
0 0
1 0
2 0
3 0
4 0
5 0
6 0
7 0
0 1
1 1
2 1 
3 1
4 1
5 1
6 1
7 1
0 2
1 2
2 2
3 2
4 2
5 2
6 2
7 2
0 3
1 3
2 3
3 3
4 3
5 3
6 3
7 3
0 4
1 4
2 4
3 4
4 4
5 4
6 4
7 4
0 5
1 5
2 5
3 5
4 5
5 5
6 5
7 5
0 6
1 6
2 6
3 6
4 6
5 6
6 6
7 6
0 7
1 7
2 7
3 7
4 7
5 7
6 7
7 7

#anchors
0 1

#cells [type s=shear r=rigid]
s 0 1 9 8  
s 1 2 10 9 
s 2 3 11 10 
s 3 4 12 11 
s 4 5 13 12
s 5 6 14 13 
s 6 7 15 14
s 8 9 17 16 
s 9 10 18 17 
s 10 11 19 18 
s 11 12 20 19 
s 12 13 21 20
s 13 14 22 21  
s 14 15 23 22  
s 16 17 25 24
s 17 18 26 25  
s 18 19 27 26 
s 19 20 28 27
s 20 21 29 28 
s 21 22 30 29
s 22 23 31 30  
s 24 25 33 32
s 25 26 34 33 
s 26 27 35 34 
s 27 28 36 35 
s 28 29 37 36 
s 29 30 38 37 
s 30 31 39 38  
s 32 33 41 40 
s 33 34 42 41
s 34 35 43 42  
s 35 36 44 43 
s 36 37 45 44 
s 37 38 46 45 
s 38 39 47 46  
s 40 41 49 48 
s 41 42 50 49 
s 42 43 51 50 
s 43 44 52 51 
s 44 45 53 52 
s 45 46 54 53 
s 46 47 55 54 
s 48 49 57 56 
s 49 50 58 57 
s 50 51 59 58 
s 51 52 60 59 
s 52 53 61 60 
s 53 54 62 61 
s 54 55 63 62 

#input path
6.88700036	6.664077264
6.860600168	6.744077264
6.834199976	6.824077264
6.807799784	6.904077264
6.781399591	6.984077264
6.754999399	7.064077264
6.728599207	7.144077264
6.702199015	7.224077264
6.675798822	7.304077264
6.64939863	7.384077264
6.622998438	7.464077264
6.658998919	7.402717852
6.694999399	7.34135844
6.73099988	7.279999028
6.76700036	7.218639616
6.803000841	7.157280204
6.839001322	7.095920792
6.875001802	7.03456138
6.911002283	6.973201968
6.947002764	6.911842556
6.983003244	6.850483143
6.984602892	6.911065638
6.986202539	6.971648132
6.987802187	7.032230626
6.989401834	7.09281312
6.991001482	7.153395614
6.992601129	7.213978108
6.994200777	7.274560602
6.995800425	7.335143096
6.997400072	7.39572559
6.99899972	7.456308084
7.008600008	7.39494945
7.018200296	7.333590815
7.027800585	7.272232181
7.037400873	7.210873547
7.047001161	7.149514912
7.05660145	7.088156278
7.066201738	7.026797644
7.075802027	6.965439009
7.085402315	6.904080375
7.095002603	6.84272174
7.127802187	6.897867364
7.16060177	6.953012988
7.193401354	7.008158611
7.226200937	7.063304235
7.259000521	7.118449858
7.291800104	7.173595482
7.324599688	7.228741105
7.357399271	7.283886729
7.390198855	7.339032352
7.422998438	7.394177976
7.390998278	7.321167904
7.358998118	7.248157833
7.326997957	7.175147762
7.294997797	7.102137691
7.262997637	7.02912762
7.230997477	6.956117549
7.198997317	6.883107478
7.166997156	6.810097406
7.134996996	6.737087335
7.102996836	6.664077264
7.081397188	6.664077264
7.059797541	6.664077264
7.038197893	6.664077264
7.016598246	6.664077264
6.994998598	6.664077264
6.973398951	6.664077264
6.951799303	6.664077264
6.930199656	6.664077264
6.908600008	6.664077264
6.88700036	6.664077264