#num_vertices #num_cells #num_anchors #index_inputvertex #num_inputpoints #index_outputvertex #num_outputpoints
64 49 2 63 106 -1 0

#vertices
0 0
1 0
2 0
3 0
4 0
5 0
6 0
7 0
0 1
1 1
2 1 
3 1
4 1
5 1
6 1
7 1
0 2
1 2
2 2
3 2
4 2
5 2
6 2
7 2
0 3
1 3
2 3
3 3
4 3
5 3
6 3
7 3
0 4
1 4
2 4
3 4
4 4
5 4
6 4
7 4
0 5
1 5
2 5
3 5
4 5
5 5
6 5
7 5
0 6
1 6
2 6
3 6
4 6
5 6
6 6
7 6
0 7
1 7
2 7
3 7
4 7
5 7
6 7
7 7

#anchors
0 1

#cells [type s=shear r=rigid]
s 0 1 9 8  
s 1 2 10 9 
s 2 3 11 10 
s 3 4 12 11 
s 4 5 13 12
s 5 6 14 13 
s 6 7 15 14
s 8 9 17 16 
s 9 10 18 17 
s 10 11 19 18 
s 11 12 20 19 
s 12 13 21 20
s 13 14 22 21  
s 14 15 23 22  
s 16 17 25 24
s 17 18 26 25  
s 18 19 27 26 
s 19 20 28 27
s 20 21 29 28 
s 21 22 30 29
s 22 23 31 30  
s 24 25 33 32
s 25 26 34 33 
s 26 27 35 34 
s 27 28 36 35 
s 28 29 37 36 
s 29 30 38 37 
s 30 31 39 38  
s 32 33 41 40 
s 33 34 42 41
s 34 35 43 42  
s 35 36 44 43 
s 36 37 45 44 
s 37 38 46 45 
s 38 39 47 46  
s 40 41 49 48 
s 41 42 50 49 
s 42 43 51 50 
s 43 44 52 51 
s 44 45 53 52 
s 45 46 54 53 
s 46 47 55 54 
s 48 49 57 56 
s 49 50 58 57 
s 50 51 59 58 
s 51 52 60 59 
s 52 53 61 60 
s 53 54 62 61 
s 54 55 63 62 

#input path
6.73999732	6.889458487
6.766657343	6.899077429
6.828697956	6.913974457
6.903096859	6.923445415
6.94724785	6.925517187
7.025433972	6.925517187
7.103620094	6.92191625
7.179065465	6.91293857
7.248182196	6.894045982
7.306385759	6.873328261
7.353676154	6.847233798
7.390950354	6.8184263
7.410932913	6.787842998
7.414570635	6.7590355
7.414570635	6.730228002
7.41003594	6.705021441
7.396382022	6.683415818
7.378193409	6.662698097
7.359107822	6.646518543
7.337281486	6.635715732
7.313661205	6.631226892
7.290937896	6.638428767
7.26911156	6.650119481
7.248182196	6.667236264
7.233631306	6.69515586
7.22361511	6.736541974
7.21454572	6.787842998
7.209114051	6.839144021
7.206373301	6.901247856
7.205476329	6.969665664
7.208217079	7.045236018
7.214595551	7.123519407
7.223664942	7.198201858
7.233681137	7.261193596
7.248232028	7.316983459
7.265523669	7.370060287
7.284609255	7.407845464
7.305538618	7.42585015
7.323727232	7.431226892
7.338278123	7.427625955
7.349191291	7.415047339
7.357363709	7.39615475
7.359157654	7.371836092
7.355519932	7.345741629
7.349141459	7.320535068
7.337331318	7.299817347
7.322780427	7.280036856
7.302797869	7.258431233
7.27733381	7.238650742
7.250075805	7.222471189
7.218233274	7.207179537
7.18275302	7.192775788
7.141841098	7.177484137
7.098188425	7.163968291
7.047260308	7.153165479
6.992694467	7.145075702
6.937231654	7.142362667
6.879974896	7.142362667
6.82087436	7.147739409
6.763617602	7.158542221
6.711792512	7.174721774
6.666345894	7.19272646
6.63634714	7.216107889
6.620002304	7.241314449
6.614570635	7.264695877
6.618208358	7.286301501
6.633656222	7.302481054
6.658223308	7.309682929
6.685481312	7.308795026
6.715480066	7.300705249
6.741841098	7.282700563
6.764564406	7.257494003
6.784546965	7.2269107
6.801838606	7.19272646
6.815492524	7.154053381
6.825508719	7.115380302
6.833681137	7.075769992
6.839112806	7.03527178
6.842750528	6.994773569
6.844544474	6.955163259
6.844544474	6.917378082
6.841803724	6.878705003
6.837269028	6.843583533
6.829993583	6.810287195
6.819977388	6.778766663
6.808167247	6.7526722
6.792719383	6.729290772
6.776374547	6.710398183
6.758185934	6.695994434
6.739100348	6.687904658
6.720014762	6.68430372
6.700929175	6.686079525
6.683637535	6.694169302
6.668189671	6.705860016
6.65637953	6.721151667
6.648207112	6.740932158
6.645466362	6.762537781
6.647260308	6.784143405
6.652691976	6.804861126
6.663605144	6.824641616
6.677259062	6.8417584
6.691809953	6.857050052
6.707257816	6.870565898
6.724250466	6.882256612
6.741841098	6.891234291
6.750910488	6.896611033