#num_vertices #num_cells #num_anchors #index_inputvertex #num_inputpoints #index_outputvertex #num_outputpoints
49 36 2 48 51 -1 0

#vertices
0 0
1 0
2 0
3 0
4 0
5 0
6 0
0 1
1 1
2 1 
3 1
4 1
5 1
6 1
0 2
1 2
2 2
3 2
4 2
5 2
6 2
0 3
1 3
2 3
3 3
4 3
5 3
6 3
0 4
1 4
2 4
3 4
4 4
5 4
6 4
0 5
1 5
2 5
3 5
4 5
5 5
6 5
0 6
1 6
2 6
3 6
4 6
5 6
6 6

#anchors
0 1

#cells [type s=shear r=rigid]
s 0 1 8 7 
s 1 2 9 8 
s 2 3 10 9 
s 3 4 11 10 
s 4 5 12 11
s 5 6 13 12  
s 7 8 15 14 
s 8 9 16 15 
s 9 10 17 16 
s 10 11 18 17 
s 11 12 19 18 
s 12 13 20 19 
s 14 15 22 21 
s 15 16 23 22 
s 16 17 24 23
s 17 18 25 24  
s 18 19 26 25 
s 19 20 27 26 
s 21 22 29 28
s 22 23 30 29 
s 23 24 31 30 
s 24 25 32 31
s 25 26 33 32 
s 26 27 34 33 
s 28 29 36 35 
s 29 30 37 36 
s 30 31 38 37 
s 31 32 39 38 
s 32 33 40 39 
s 33 34 41 40 
s 35 36 43 42 
s 36 37 44 43 
s 37 38 45 44 
s 38 39 46 45 
s 39 40 47 46 
s 40 41 48 47 

#input path
4.586042908	4.873995096
4.686042908	4.874682848
4.786042908	4.875370601
4.886042908	4.876058353
4.986042908	4.876746106
5.086042908	4.877433859
5.186042908	4.878121611
5.286042908	4.878809364
5.386042908	4.879497116
5.486042908	4.880184869
5.586042908	4.880872622
5.489701634	4.938260939
5.393360361	4.995649256
5.297019087	5.053037574
5.200677813	5.110425891
5.104336539	5.167814209
5.007995265	5.225202526
4.911653991	5.282590844
4.815312717	5.339979161
4.718971443	5.397367479
4.622630169	5.454755796
4.672630169	5.355099286
4.722630169	5.255442776
4.772630169	5.155786266
4.822630169	5.056129756
4.872630169	4.956473246
4.922630169	4.856816736
4.972630169	4.757160226
5.022630169	4.657503716
5.072630169	4.557847206
5.122630169	4.458190696
5.160028246	4.558190696
5.197426323	4.658190696
5.234824399	4.758190696
5.272222476	4.858190696
5.309620553	4.958190696
5.34701863	5.058190696
5.384416706	5.158190696
5.421814783	5.258190696
5.45921286	5.358190696
5.496610936	5.458190696
5.405554134	5.399771136
5.314497331	5.341351576
5.223440528	5.282932016
5.132383725	5.224512456
5.041326922	5.166092896
4.95027012	5.107673336
4.859213317	5.049253776
4.768156514	4.990834216
4.677099711	4.932414656
4.586042908	4.873995096
