#num_vertices #num_cells #num_anchors #index_inputvertex #num_inputpoints #index_outputvertex #num_outputpoints
49 36 2 48 70 -1 0

#vertices
0 0
1 0
2 0
3 0
4 0
5 0
6 0
0 1
1 1
2 1 
3 1
4 1
5 1
6 1
0 2
1 2
2 2
3 2
4 2
5 2
6 2
0 3
1 3
2 3
3 3
4 3
5 3
6 3
0 4
1 4
2 4
3 4
4 4
5 4
6 4
0 5
1 5
2 5
3 5
4 5
5 5
6 5
0 6
1 6
2 6
3 6
4 6
5 6
6 6

#anchors
0 1

#cells [type s=shear r=rigid]
s 0 1 8 7 
s 1 2 9 8 
s 2 3 10 9 
s 3 4 11 10 
s 4 5 12 11
s 5 6 13 12  
s 7 8 15 14 
s 8 9 16 15 
s 9 10 17 16 
s 10 11 18 17 
s 11 12 19 18 
s 12 13 20 19 
s 14 15 22 21 
s 15 16 23 22 
s 16 17 24 23
s 17 18 25 24  
s 18 19 26 25 
s 19 20 27 26 
s 21 22 29 28
s 22 23 30 29 
s 23 24 31 30 
s 24 25 32 31
s 25 26 33 32 
s 26 27 34 33 
s 28 29 36 35 
s 29 30 37 36 
s 30 31 38 37 
s 31 32 39 38 
s 32 33 40 39 
s 33 34 41 40 
s 35 36 43 42 
s 36 37 44 43 
s 37 38 45 44 
s 38 39 46 45 
s 39 40 47 46 
s 40 41 48 47 

#input path
4.858750451	4.58009658
4.82575021	4.68009658
4.79274997	4.78009658
4.75974973	4.88009658
4.726749489	4.98009658
4.693749249	5.08009658
4.660749009	5.18009658
4.627748768	5.28009658
4.594748528	5.38009658
4.561748288	5.48009658
4.528748048	5.58009658
4.573748648	5.503397315
4.618749249	5.42669805
4.66374985	5.349998785
4.708750451	5.27329952
4.753751051	5.196600255
4.798751652	5.11990099
4.843752253	5.043201725
4.888752854	4.966502459
4.933753454	4.889803194
4.978754055	4.813103929
4.980753615	4.888832047
4.982753174	4.964560164
4.984752733	5.040288282
4.986752293	5.1160164
4.988751852	5.191744517
4.990751412	5.267472635
4.992750971	5.343200752
4.994750531	5.41892887
4.99675009	5.494656988
4.99874965	5.570385105
5.01075001	5.493686812
5.02275037	5.416988519
5.034750731	5.340290226
5.046751091	5.263591933
5.058751452	5.18689364
5.070751812	5.110195347
5.082752173	5.033497054
5.094752533	4.956798762
5.106752894	4.880100469
5.118753254	4.803402176
5.159752733	4.872334205
5.200752213	4.941266234
5.241751692	5.010198264
5.282751171	5.079130293
5.323750651	5.148062323
5.36475013	5.216994352
5.40574961	5.285926381
5.446749089	5.354858411
5.487748568	5.42379044
5.528748048	5.49272247
5.488747847	5.401459881
5.448747647	5.310197292
5.408747447	5.218934703
5.368747246	5.127672114
5.328747046	5.036409525
5.288746846	4.945146936
5.248746646	4.853884347
5.208746445	4.762621758
5.168746245	4.671359169
5.128746045	4.58009658
5.101746486	4.58009658
5.074746926	4.58009658
5.047747367	4.58009658
5.020747807	4.58009658
4.993748248	4.58009658
4.966748688	4.58009658
4.939749129	4.58009658
4.912749569	4.58009658
4.88575001	4.58009658
