#num_vertices #num_cells #num_anchors #index_inputvertex #num_inputpoints #index_outputvertex #num_outputpoints
25 16 2 8 50 -1 0 

#vertices
2 2
3 2
3 3
2 3
4 3
4 4
3 4
5 4
5 5
4 5
2 4
3 5
2 5
4 2
5 2
5 3
6 2
6 3
6 4
6 5
6 6
5 6
4 6
3 6
2 6

#anchors
0 3

#cells [type s=shear r=rigid]
s 0 1 2 3 
s 2 4 5 6 
s 5 7 8 9 
s 10 6 11 12 
r 13 14 15 4 
s 1 13 4 2 
s 3 2 6 10 
s 6 5 9 11 
s 4 15 7 5 
r 14 16 17 15 
r 15 17 18 7 
r 7 18 19 8 
r 8 19 20 21 
r 9 8 21 22 
s 11 9 22 23 
s 12 11 23 24 

#input path
3.9 4.86
3.9 4.92
3.9 4.98
3.86 5
3.8 5
3.74 5
3.7 4.98
3.7 4.92
3.7 4.86000003814697
3.7 4.80000003814697
3.7 4.74000007629395
3.7 4.68000007629395
3.7 4.62
3.74 4.6
3.8 4.6
3.86000007629395 4.6
3.92000007629395 4.6
3.98000015258789 4.6
4.04000015258789 4.6
4.1 4.60000022888184
4.1 4.66000022888184
4.1 4.72000030517578
4.1 4.78000030517578
4.1 4.84000030517578
4.1 4.90000030517578
4.1 4.96000030517578
4.1 5.02000030517578
4.1 5.08000015258789
4.1 5.14000015258789
4.1 5.2
4.04 5.2
3.98 5.2
3.92000015258789 5.2
3.86000015258789 5.2
3.80000015258789 5.2
3.74000030517578 5.2
3.68000030517578 5.2
3.62000045776367 5.2
3.56000045776367 5.2
3.50000045776367 5.2
3.5 5.14000061035156
3.5 5.08000061035156
3.5 5.02000061035156
3.5 4.96000061035156
3.5 4.90000091552734
3.5 4.84000091552734
3.5 4.78000091552734
3.5 4.72000091552734
3.5 4.66000091552734
3.5 4.60000122070312
