#num_vertices #num_cells #num_anchors #index_inputvertex #num_inputpoints #index_outputvertex #num_outputpoints
64 49 2 63 219 -1 0

#vertices
0 0
1 0
2 0
3 0
4 0
5 0
6 0
7 0
0 1
1 1
2 1 
3 1
4 1
5 1
6 1
7 1
0 2
1 2
2 2
3 2
4 2
5 2
6 2
7 2
0 3
1 3
2 3
3 3
4 3
5 3
6 3
7 3
0 4
1 4
2 4
3 4
4 4
5 4
6 4
7 4
0 5
1 5
2 5
3 5
4 5
5 5
6 5
7 5
0 6
1 6
2 6
3 6
4 6
5 6
6 6
7 6
0 7
1 7
2 7
3 7
4 7
5 7
6 7
7 7

#anchors
0 1

#cells [type s=shear r=rigid]
s 0 1 9 8  
s 1 2 10 9 
s 2 3 11 10 
s 3 4 12 11 
s 4 5 13 12
s 5 6 14 13 
s 6 7 15 14
s 8 9 17 16 
s 9 10 18 17 
s 10 11 19 18 
s 11 12 20 19 
s 12 13 21 20
s 13 14 22 21  
s 14 15 23 22  
s 16 17 25 24
s 17 18 26 25  
s 18 19 27 26 
s 19 20 28 27
s 20 21 29 28 
s 21 22 30 29
s 22 23 31 30  
s 24 25 33 32
s 25 26 34 33 
s 26 27 35 34 
s 27 28 36 35 
s 28 29 37 36 
s 29 30 38 37 
s 30 31 39 38  
s 32 33 41 40 
s 33 34 42 41
s 34 35 43 42  
s 35 36 44 43 
s 36 37 45 44 
s 37 38 46 45 
s 38 39 47 46  
s 40 41 49 48 
s 41 42 50 49 
s 42 43 51 50 
s 43 44 52 51 
s 44 45 53 52 
s 45 46 54 53 
s 46 47 55 54 
s 48 49 57 56 
s 49 50 58 57 
s 50 51 59 58 
s 51 52 60 59 
s 52 53 61 60 
s 53 54 62 61 
s 54 55 63 62 

#input path
5.698587729	5.717186256
5.681309771	5.749826376
5.681309771	5.714217891
5.683470327	5.684543162
5.698589894	5.637064191
5.713709461	5.601455705
5.722349522	5.580683098
5.733147976	5.56584722
5.739627481	5.556945099
5.743946429	5.553976734
5.748265377	5.553976734
5.750425934	5.55991049
5.756905439	5.571780976
5.763384944	5.601455705
5.778504511	5.651900068
5.791463521	5.696410674
5.806583088	5.749823402
5.817381541	5.779498131
5.826021603	5.806204495
5.832501108	5.818074981
5.834661664	5.824008737
5.836822221	5.824008737
5.841141169	5.800270739
5.849781231	5.767630619
5.864900798	5.726088378
5.880020364	5.681577771
5.892979374	5.654871407
5.903777828	5.631133409
5.912417889	5.616297531
5.916736838	5.610363775
5.918897394	5.60739541
5.921057951	5.60739541
5.923218508	5.616297531
5.929698013	5.631133409
5.940496466	5.657839773
5.953455476	5.699382014
5.968575043	5.74389262
5.985853001	5.788403227
5.996651455	5.81510959
6.007449908	5.838847589
6.013929413	5.853683466
6.018248361	5.859617223
6.020408918	5.862585588
6.022569475	5.856651832
6.031209536	5.832913833
6.039849598	5.806207469
6.057127556	5.764665228
6.076566071	5.720154622
6.096004587	5.684546136
6.115443102	5.651906017
6.124083163	5.637070139
6.132723225	5.625199653
6.13920273	5.622231287
6.141363287	5.619262922
6.143523843	5.619262922
6.1456844	5.619262922
6.1456844	5.622231287
6.152163905	5.643003895
6.15864341	5.67861238
6.167283472	5.7112525
6.178081925	5.761696863
6.191040935	5.812141225
6.206160502	5.856651832
6.216958955	5.895228682
6.221277903	5.910064559
6.229917965	5.930837167
6.234236914	5.939739288
6.234236914	5.942707654
6.23639747	5.945676019
6.238558027	5.945676019
6.24935648	5.924903411
6.264476047	5.895228682
6.290394067	5.841815954
6.31415153	5.803239104
6.34006955	5.761696863
6.359508066	5.732022134
6.372467076	5.717186256
6.383265529	5.708284135
6.391905591	5.702350379
6.394066147	5.699382014
6.396226704	5.699382014
6.398387261	5.717186256
6.402706209	5.758728498
6.432943177	5.853683466
6.448062744	5.907096194
6.467501259	5.960508922
6.473980764	5.98424692
6.482620826	6.010953284
6.484781382	6.01688704
6.480462434	6.019855406
6.458863362	6.031725892
6.346553385	6.111844984
6.316316417	6.135582982
6.294717345	6.15041886
6.286077283	6.156352616
6.281758335	6.159320981
6.281758335	6.162289346
6.307676355	6.162289346
6.320635365	6.162289346
6.381111467	6.159320981
6.40486893	6.159320981
6.424307446	6.159320981
6.432947507	6.159320981
6.437266456	6.159320981
6.437266456	6.168223102
6.426468002	6.186027345
6.409190044	6.209765343
6.389751529	6.239440072
6.270962047	6.35813304
6.247204583	6.372968917
6.227766068	6.387804795
6.219126006	6.393738551
6.214807058	6.396706916
6.221286563	6.396706916
6.238564521	6.402640672
6.25584248	6.414511159
6.266640933	6.420444915
6.277439387	6.426378671
6.277439387	6.429347036
6.27527883	6.426378671
6.258000872	6.399672307
6.229922295	6.352193335
6.208323223	6.307682729
6.188884708	6.248336245
6.180244646	6.218661516
6.173765141	6.191955152
6.171604585	6.180084666
6.171604585	6.17415091
6.169444028	6.17415091
6.169444028	6.183053031
6.16512508	6.224595272
6.156485018	6.286910121
6.143526008	6.361095457
6.12624805	6.432312427
6.108970091	6.479791398
6.098171638	6.512431518
6.087373184	6.536169517
6.078733123	6.548040003
6.076572566	6.551008369
6.076572566	6.553976734
6.07441201	6.533204126
6.07441201	6.500564006
6.07441201	6.464955521
6.07441201	6.399672307
6.07441201	6.352193335
6.07441201	6.236465759
6.07441201	6.194923517
6.076572566	6.162283397
6.065774113	6.168217154
6.037695536	6.194923517
6.020417578	6.218661516
5.964262589	6.322518606
5.910265992	6.438246183
5.890827477	6.482756789
5.871388962	6.512431518
5.869228406	6.515399883
5.867067849	6.515399883
5.867067849	6.494627276
5.867067849	6.447148304
5.875707911	6.352193335
5.886506364	6.295812242
5.892985869	6.24536788
5.895146426	6.218661516
5.897306982	6.197888908
5.897306982	6.188986787
5.897306982	6.186018422
5.895146426	6.183050057
5.875707911	6.188983813
5.791474345	6.236462784
5.741798862	6.269102904
5.705082388	6.292840903
5.644606286	6.334383144
5.62948672	6.343285265
5.620846658	6.352187387
5.620846658	6.346253631
5.620846658	6.328449388
5.627326163	6.280970416
5.644604122	6.206785081
5.655402575	6.174144961
5.66188208	6.153372353
5.664042637	6.132599745
5.666203193	6.111827138
5.664042637	6.099956651
5.64892307	6.088086165
5.603566535	6.061379801
5.590607525	6.05247768
5.579809071	6.031705072
5.607887648	6.013900829
5.698600718	5.990162831
5.730998243	5.990162831
5.756916264	5.990162831
5.769875274	5.990162831
5.77203583	5.990162831
5.774196387	5.990162831
5.769877438	5.990162831
5.741798862	5.981260709
5.698602883	5.966424832
5.66188641	5.945652224
5.543096928	5.853662646
5.510699403	5.821022526
5.497740392	5.806186649
5.486941939	5.794316162
5.484781382	5.788382406
5.484781382	5.785414041
5.521497856	5.779480285
5.569014948	5.77651192
5.62949105	5.773543555
5.696446656	5.773543555
5.769879603	5.773543555
5.795797623	5.773543555
5.813075582	5.773543555
5.821715643	5.773543555
5.819555087	5.773543555
5.815236138	5.773543555
5.787157562	5.764641433
5.750441088	5.740903435
5.715883007	5.714197071
5.711564058	5.711228706
5.698587712	5.717186221