#num_vertices #num_cells #num_anchors #index_inputvertex #num_inputpoints #index_outputvertex #num_outputpoints
64 49 2 63 50 -1 0

#vertices
0 0
1 0
2 0
3 0
4 0
5 0
6 0
7 0
0 1
1 1
2 1 
3 1
4 1
5 1
6 1
7 1
0 2
1 2
2 2
3 2
4 2
5 2
6 2
7 2
0 3
1 3
2 3
3 3
4 3
5 3
6 3
7 3
0 4
1 4
2 4
3 4
4 4
5 4
6 4
7 4
0 5
1 5
2 5
3 5
4 5
5 5
6 5
7 5
0 6
1 6
2 6
3 6
4 6
5 6
6 6
7 6
0 7
1 7
2 7
3 7
4 7
5 7
6 7
7 7

#anchors
0 1

#cells [type s=shear r=rigid]
s 0 1 9 8  
s 1 2 10 9 
s 2 3 11 10 
s 3 4 12 11 
s 4 5 13 12
s 5 6 14 13 
s 6 7 15 14
s 8 9 17 16 
s 9 10 18 17 
s 10 11 19 18 
s 11 12 20 19 
s 12 13 21 20
s 13 14 22 21  
s 14 15 23 22  
s 16 17 25 24
s 17 18 26 25  
s 18 19 27 26 
s 19 20 28 27
s 20 21 29 28 
s 21 22 30 29
s 22 23 31 30  
s 24 25 33 32
s 25 26 34 33 
s 26 27 35 34 
s 27 28 36 35 
s 28 29 37 36 
s 29 30 38 37 
s 30 31 39 38  
s 32 33 41 40 
s 33 34 42 41
s 34 35 43 42  
s 35 36 44 43 
s 36 37 45 44 
s 37 38 46 45 
s 38 39 47 46  
s 40 41 49 48 
s 41 42 50 49 
s 42 43 51 50 
s 43 44 52 51 
s 44 45 53 52 
s 45 46 54 53 
s 46 47 55 54 
s 48 49 57 56 
s 49 50 58 57 
s 50 51 59 58 
s 51 52 60 59 
s 52 53 61 60 
s 53 54 62 61 
s 54 55 63 62 

#input path
5.5	6.5
5.520408163	6.479591837
5.540816327	6.459183673
5.56122449	6.43877551
5.581632653	6.418367347
5.602040816	6.397959184
5.62244898	6.37755102
5.642857143	6.357142857
5.663265306	6.336734694
5.683673469	6.316326531
5.704081633	6.295918367
5.724489796	6.275510204
5.744897959	6.255102041
5.765306122	6.234693878
5.785714286	6.214285714
5.806122449	6.193877551
5.826530612	6.173469388
5.846938776	6.153061224
5.867346939	6.132653061
5.887755102	6.112244898
5.908163265	6.091836735
5.928571429	6.071428571
5.948979592	6.051020408
5.969387755	6.030612245
5.989795918	6.010204082
6.010204082	5.989795918
6.030612245	5.969387755
6.051020408	5.948979592
6.071428571	5.928571429
6.091836735	5.908163265
6.112244898	5.887755102
6.132653061	5.867346939
6.153061224	5.846938776
6.173469388	5.826530612
6.193877551	5.806122449
6.214285714	5.785714286
6.234693878	5.765306122
6.255102041	5.744897959
6.275510204	5.724489796
6.295918367	5.704081633
6.316326531	5.683673469
6.336734694	5.663265306
6.357142857	5.642857143
6.37755102	5.62244898
6.397959184	5.602040816
6.418367347	5.581632653
6.43877551	5.56122449
6.459183673	5.540816327
6.479591837	5.520408163
6.5	5.5