#num_vertices #num_cells #num_anchors #index_inputvertex #num_inputpoints #index_outputvertex #num_outputpoints
110 87 2 93 40 -1 0 

#vertices
4 -2
5 -2
5 -1
4 -1
5 0
4 0
6 -2
6 -1
6 0
7 -2
7 -1
7 0
8 -2
8 -1
8 0
5 1
4 1
5 2
4 2
5 3
4 3
5 4
4 4
6 1
6 2
6 3
6 4
7 1
7 2
7 3
7 4
8 1
8 2
8 3
8 4
9 0
9 1
9 2
9 3
5 5
4 5
5 6
4 6
5 7
4 7
5 8
4 8
6 5
6 6
6 7
6 8
7 5
7 6
7 7
7 8
8 5
8 6
8 7
8 8
9 4
9 5
9 6
9 7
9 8
10 4
10 5
10 6
10 7
10 8
11 4
11 5
11 6
11 7
11 8
3 3
3 4
3 2
3 1
3 0
2 3
2 4
2 2
2 1
2 0
1 3
1 4
1 2
1 1
1 0
0 3
0 4
0 2
0 1
0 0
3 5
3 6
3 7
3 8
2 5
2 6
2 7
2 8
1 5
1 6
1 7
1 8
0 5
0 6
0 7
0 8

#anchors
0
12

#cells [type s=shear r=rigid]
r 0 1 2 3 
r 3 2 4 5 
r 1 6 7 2 
r 2 7 8 4 
r 6 9 10 7 
r 7 10 11 8 
r 9 12 13 10 
r 10 13 14 11 
s 5 4 15 16 
s 16 15 17 18 
s 18 17 19 20 
s 20 19 21 22 
s 4 8 23 15 
s 15 23 24 17 
s 17 24 25 19 
s 19 25 26 21 
s 8 11 27 23 
s 23 27 28 24 
s 24 28 29 25 
s 25 29 30 26 
s 11 14 31 27 
s 27 31 32 28 
s 28 32 33 29 
s 29 33 34 30 
r 14 35 36 31 
r 31 36 37 32 
r 32 37 38 33 
r 22 21 39 40 
r 40 39 41 42 
r 42 41 43 44 
r 44 43 45 46 
r 21 26 47 39 
r 39 47 48 41 
r 41 48 49 43 
r 43 49 50 45 
r 26 30 51 47 
r 47 51 52 48 
r 48 52 53 49 
r 49 53 54 50 
r 30 34 55 51 
r 51 55 56 52 
r 52 56 57 53 
r 53 57 58 54 
r 34 59 60 55 
r 55 60 61 56 
r 56 61 62 57 
r 57 62 63 58 
r 59 64 65 60 
r 60 65 66 61 
r 61 66 67 62 
r 62 67 68 63 
r 64 69 70 65 
r 65 70 71 66 
r 66 71 72 67 
r 67 72 73 68 
r 74 20 22 75 
r 76 18 20 74 
r 77 16 18 76 
r 78 5 16 77 
r 79 74 75 80 
r 81 76 74 79 
r 82 77 76 81 
r 83 78 77 82 
r 84 79 80 85 
r 86 81 79 84 
r 87 82 81 86 
r 88 83 82 87 
r 89 84 85 90 
r 91 86 84 89 
r 92 87 86 91 
r 93 88 87 92 
s 75 22 40 94 
s 94 40 42 95 
s 95 42 44 96 
s 96 44 46 97 
s 80 75 94 98 
s 98 94 95 99 
s 99 95 96 100 
s 100 96 97 101 
s 85 80 98 102 
s 102 98 99 103 
s 103 99 100 104 
s 104 100 101 105 
s 90 85 102 106 
s 106 102 103 107 
s 107 103 104 108 
s 108 104 105 109 

#input path
0 0
0.00174007291587852 -0.0870451360047619
0.00693320525738672 -0.17395193673666
0.0155902626034181 -0.26058172680481
0.0277116667196395 -0.346795006289805
0.0432877731989874 -0.432451893927805
0.0623392107144336 -0.517403685999765
0.0848402797425933 -0.601507203127756
0.11071404146571 -0.684634890749339
0.139915471473147 -0.766653381376
0.172467228839366 -0.847400778832336
0.208251581197957 -0.926767997994822
0.247188456522777 -1.00463737864329
0.289269094198273 -1.08085390941551
0.334388140092481 -1.15531180330204
0.38243644724223 -1.22791426065434
0.433396308897501 -1.29850363161889
0.487140108656219 -1.36699680372064
0.543555916771453 -1.43330695410615
0.602625469936427 -1.49726447725834
0.664187160560728 -1.5588262503355
0.728144766165777 -1.61789580350047
0.794454916551289 -1.67431169406856
0.862948088653034 -1.72805545260085
0.933537542070441 -1.7790154379354
1.00613991696989 -1.82706368324551
1.08059781085641 -1.87218270852651
1.15681434162864 -1.914263346202
1.23468372227711 -1.95320038643252
1.31405094143959 -1.98898459449863
1.39479833889593 -2.02153648585073
1.47681666461688 -2.05073782309871
1.55994431101204 -2.07661169304119
1.64404786936646 -2.09911274660944
1.72899970266484 -2.11816413774516
1.81465634294429 -2.13374030606415
1.90087003469354 -2.14586169987376
1.98749961862956 -2.15451875464314
2.07440673886626 -2.1597119650894
2.16145205008334 -2.16145205008334

#output path

#tracing points

