#num_vertices #num_cells #num_anchors #index_inputvertex #num_inputpoints #index_outputvertex #num_outputpoints
49 36 2 48 51 -1 0

#vertices
0 0
1 0
2 0
3 0
4 0
5 0
6 0
0 1
1 1
2 1 
3 1
4 1
5 1
6 1
0 2
1 2
2 2
3 2
4 2
5 2
6 2
0 3
1 3
2 3
3 3
4 3
5 3
6 3
0 4
1 4
2 4
3 4
4 4
5 4
6 4
0 5
1 5
2 5
3 5
4 5
5 5
6 5
0 6
1 6
2 6
3 6
4 6
5 6
6 6

#anchors
0 1

#cells [type s=shear r=rigid]
s 0 1 8 7 
s 1 2 9 8 
s 2 3 10 9 
s 3 4 11 10 
s 4 5 12 11
s 5 6 13 12  
s 7 8 15 14 
s 8 9 16 15 
s 9 10 17 16 
s 10 11 18 17 
s 11 12 19 18 
s 12 13 20 19 
s 14 15 22 21 
s 15 16 23 22 
s 16 17 24 23
s 17 18 25 24  
s 18 19 26 25 
s 19 20 27 26 
s 21 22 29 28
s 22 23 30 29 
s 23 24 31 30 
s 24 25 32 31
s 25 26 33 32 
s 26 27 34 33 
s 28 29 36 35 
s 29 30 37 36 
s 30 31 38 37 
s 31 32 39 38 
s 32 33 40 39 
s 33 34 41 40 
s 35 36 43 42 
s 36 37 44 43 
s 37 38 45 44 
s 38 39 46 45 
s 39 40 47 46 
s 40 41 48 47 

#input path
4.586042908	4.873995096
4.786042908	4.875370601
4.986042908	4.876746106
5.186042908	4.878121611
5.386042908	4.879497116
5.586042908	4.880872622
5.786042908	4.882248127
5.986042908	4.883623632
6.186042908	4.884999137
6.386042908	4.886374642
6.586042908	4.887750147
6.393360361	5.002526782
6.200677813	5.117303417
6.007995265	5.232080052
5.815312717	5.346856687
5.622630169	5.461633322
5.429947621	5.576409957
5.237265074	5.691186592
5.044582526	5.805963227
4.851899978	5.920739862
4.65921743	6.035516497
4.75921743	5.836203477
4.85921743	5.636890457
4.95921743	5.437577437
5.05921743	5.238264416
5.15921743	5.038951396
5.25921743	4.839638376
5.35921743	4.640325356
5.45921743	4.441012336
5.55921743	4.241699316
5.65921743	4.042386295
5.734013584	4.242386295
5.808809737	4.442386295
5.883605891	4.642386295
5.958402044	4.842386295
6.033198197	5.042386295
6.107994351	5.242386295
6.182790504	5.442386295
6.257586658	5.642386295
6.332382811	5.842386295
6.407178964	6.042386295
6.225065359	5.925547175
6.042951753	5.808708055
5.860838148	5.691868935
5.678724542	5.575029815
5.496610936	5.458190696
5.314497331	5.341351576
5.132383725	5.224512456
4.95027012	5.107673336
4.768156514	4.990834216
4.586042908	4.873995096