#num_vertices #num_cells #num_anchors #index_inputvertex #num_inputpoints #index_outputvertex #num_outputpoints
9 4 2 5 78 -1 0 

#vertices
2 2
3 2
3 3
2 3
4 3
4 4
3 4 
2 4 
4 2

#anchors
0 1

#cells [type s=shear r=rigid]
s 0 1 2 3 
s 2 4 5 6 
s 1 8 4 2 
s 3 2 6 7

#input path
4 4
4.03092 3.9681
4.06082 3.93524
4.08967 3.90145
4.11745 3.86678
4.14412 3.83125
4.16967 3.79491
4.19406 3.75777
4.21727 3.71989
4.23928 3.6813
4.26007 3.64204
4.27962 3.60214
4.2979 3.56165
4.3149 3.52061
4.33061 3.47905
4.345 3.43702
4.35806 3.39455
4.36978 3.3517
4.38015 3.3085
4.38916 3.265
4.3968 3.22123
4.40306 3.17725
4.40794 3.13309
4.41142 3.0888
4.41352 3.04442
4.41421 3
4.41421 3
4.43608 3.02256
4.45722 3.04579
4.47762 3.06968
4.49726 3.0942
4.51612 3.11932
4.53419 3.14502
4.55143 3.17128
4.56785 3.19807
4.58341 3.22535
4.59811 3.25312
4.61193 3.28133
4.62486 3.30996
4.63688 3.33898
4.64799 3.36837
4.65816 3.39809
4.6674 3.42812
4.67569 3.45842
4.68302 3.48896
4.68939 3.51973
4.6948 3.55067
4.69922 3.58177
4.70267 3.613
4.70513 3.64432
4.70661 3.6757
4.70711 3.70711
4.70711 3.70711
4.73852 3.70661
4.7699 3.70513
4.80122 3.70267
4.83244 3.69922
4.86354 3.6948
4.89449 3.68939
4.92525 3.68302
4.9558 3.67569
4.9861 3.6674
5.01612 3.65816
5.04584 3.64799
5.07523 3.63688
5.10425 3.62486
5.13289 3.61193
5.1611 3.59811
5.18886 3.58341
5.21615 3.56785
5.24293 3.55143
5.26919 3.53419
5.29489 3.51612
5.32001 3.49726
5.34453 3.47762
5.36842 3.45722
5.39165 3.43608
5.41421 3.41421
