#num_vertices #num_cells #num_anchors #index_inputvertex #num_inputpoints #index_outputvertex #num_outputpoints
54 40 2 53 40 52 0 

#vertices
1 0
1 1
0 1
2 0
2 1
3 0
3 1
4 0
4 1
5 0
5 1
6 0
6 1
7 0
7 1
8 1
1 2
0 2
2 2
3 2
4 2
5 2
6 2
7 2
8 2
1 3
0 3
2 3
3 3
4 3
5 3
6 3
7 3
8 3
1 4
0 4
2 4
3 4
4 4
5 4
6 4
7 4
8 4
1 5
2 5
3 5
4 5
5 5
6 5
7 5
8 0
0 5
8 5
0 0

#anchors
28
37

#cells [type s=shear r=rigid]
s 0 3 4 1 
s 3 5 6 4 
s 5 7 8 6 
r 9 11 12 10 
r 11 13 14 12 
s 13 50 15 14 
s 1 4 18 16 
s 4 6 19 18 
s 6 8 20 19 
r 8 10 21 20 
r 10 12 22 21 
s 14 15 24 23 
r 17 16 25 26 
s 16 18 27 25 
s 18 19 28 27 
s 19 20 29 28 
r 20 21 30 29 
s 23 24 33 32 
s 26 25 34 35 
r 25 27 36 34 
s 27 28 37 36 
s 28 29 38 37 
s 29 30 39 38 
s 30 31 40 39 
s 31 32 41 40 
s 32 33 42 41 
s 35 34 43 51 
s 34 36 44 43 
s 36 37 45 44 
s 37 38 46 45 
s 38 39 47 46 
s 39 40 48 47 
s 40 41 49 48 
s 41 42 52 49 
r 53 0 1 2 
r 7 9 10 8 
r 2 1 16 17 
r 12 14 23 22 
r 21 22 31 30 
r 22 23 32 31 

#input path
0 0
0.0594529991153365 -0.00118849321486323
0.118811513377953 -0.00473547247960369
0.177980825629949 -0.0106483591308082
0.236865655549351 -0.0189274412401043
0.295370462350797 -0.0295661315476991
0.353393679393323 -0.0425785197147964
0.410837513235267 -0.0579470526211291
0.467614842394192 -0.0756191800189261
0.523634575080935 -0.0955641496299071
0.578786134029326 -0.117797437906813
0.632995012632212 -0.142238632059256
0.68618084737606 -0.168833041815981
0.738237763414732 -0.197574683558688
0.789093506797377 -0.228391598997666
0.838681962061565 -0.261209239288458
0.886895452236113 -0.29601551048255
0.93367721038224 -0.332723248860202
0.978967935322826 -0.371256004898199
1.0226517842076 -0.411601304512279
1.06469930355543 -0.453648767543696
1.10504460316951 -0.497332672744877
1.14357741552391 -0.542623397685463
1.18028512574336 -0.58940515583159
1.21509148141206 -0.637618702322546
1.24790907946555 -0.687207101270326
1.27872598082542 -0.738062844652973
1.30746762256813 -0.790119760691645
1.33406214495767 -0.843305595435493
1.3585032405564 -0.897514474038379
1.38073662034747 -0.95266603298677
1.40068152660249 -1.0086856530407
1.41835372791557 -1.06546295404142
1.43372225026258 -1.12290681604156
1.4467346067517 -1.18093006124229
1.4573733392966 -1.23943469909452
1.46565241436634 -1.29831981059596
1.47156529925766 -1.35748898205694
1.475112331869 -1.41684771454563
1.47630083333333 -1.47630083333333

#output path

#tracing points
