#num_vertices #num_cells #num_anchors #index_inputvertex #num_inputpoints #index_outputvertex #num_outputpoints
50 36 2 46 40 -1 0 

#vertices
1 0
1 1
0 1
2 0
2 1
3 0
3 1
4 1
1 2
0 2
2 2
3 2
4 2
1 3
0 3
2 3
3 3
4 3
1 4
0 4
2 4
3 4
4 4
1 5
0 5
2 5
3 5
4 5
1 6
0 6
2 6
3 6
4 6
1 7
0 7
2 7
3 7
4 7
1 8
0 8
2 8
3 8
4 8
1 9
2 9
3 9
0 0
4 0
0 9
4 9

#anchors
15
16

#cells [type s=shear r=rigid]
s 46 0 1 2 
s 0 3 4 1 
s 3 5 6 4 
r 5 47 7 6 
s 2 1 8 9 
s 1 4 10 8 
s 4 6 11 10 
s 6 7 12 11 
s 9 8 13 14 
s 8 10 15 13 
r 10 11 16 15 
s 11 12 17 16 
r 14 13 18 19 
s 13 15 20 18 
s 15 16 21 20 
s 16 17 22 21 
s 19 18 23 24 
s 18 20 25 23 
s 20 21 26 25 
s 21 22 27 26 
s 24 23 28 29 
r 23 25 30 28 
s 25 26 31 30 
s 26 27 32 31 
s 29 28 33 34 
s 28 30 35 33 
s 30 31 36 35 
r 31 32 37 36 
s 34 33 38 39 
s 33 35 40 38 
r 35 36 41 40 
r 36 37 42 41 
s 39 38 43 48 
s 38 40 44 43 
s 40 41 45 44 
s 41 42 49 45 

#input path
0 0
0.057734638983167 0
0.115469277966332 0
0.173203916949499 0
0.230938555932666 0
0.288673205652539 0
0.346407833898998 0
0.404142483618872 0
0.46187711186533 0
0.519611740111789 0
0.577346411305079 0
0.635081039551538 0
0.692815667797997 0
0.750550338991286 0
0.808284967237745 0
0.866019595484204 0
0.923754223730661 0
0.98148885197712 0
1.03922348022358 0
1.09695810847004 0
1.12582542259327 -0.0288674000168915
1.12582542259327 -0.0866020282633523
1.12582542259327 -0.144336656509809
1.12582542259327 -0.202071284756266
1.12582542259327 -0.259805913002727
1.12582542259327 -0.317540627142849
1.12582542259327 -0.375275255389306
1.12582542259327 -0.433009883635763
1.12582542259327 -0.490744511882224
1.12582542259327 -0.548479140128681
1.12582542259327 -0.606213768375142
1.12582542259327 -0.663948396621599
1.12582542259327 -0.721683024868056
1.12582542259327 -0.779417653114516
1.12582542259327 -0.837152281360973
1.12582542259327 -0.894886909607434
1.12582542259327 -0.952621537853891
1.12582542259327 -1.01035616610035
1.12582542259327 -1.06809079434681
1.12582542259327 -1.12582542259327

#output path

#tracing points
4 9
0 0
