#num_vertices #num_cells #num_anchors #index_inputvertex #num_inputpoints #index_outputvertex #num_outputpoints
45 32 2 43 40 44 0 

#vertices
1 0
1 1
0 1
2 0
2 1
3 0
3 1
4 0
4 1
1 2
0 2
2 2
3 2
4 2
1 3
0 3
2 3
3 3
4 3
1 4
0 4
2 4
3 4
4 4
1 5
0 5
2 5
3 5
4 5
1 6
0 6
2 6
3 6
4 6
1 7
0 7
2 7
3 7
4 7
1 8
2 8
3 8
4 8
0 0
0 8

#anchors
12
13

#cells [type s=shear r=rigid]
s 43 0 1 2 
s 0 3 4 1 
s 3 5 6 4 
s 5 7 8 6 
s 2 1 9 10 
s 1 4 11 9 
s 4 6 12 11 
r 6 8 13 12 
r 9 11 16 14 
s 11 12 17 16 
s 12 13 18 17 
s 15 14 19 20 
s 14 16 21 19 
s 16 17 22 21 
s 20 19 24 25 
s 19 21 26 24 
s 21 22 27 26 
s 25 24 29 30 
s 24 26 31 29 
s 26 27 32 31 
r 27 28 33 32 
s 30 29 34 35 
s 29 31 36 34 
s 31 32 37 36 
r 35 34 39 44 
r 34 36 40 39 
s 36 37 41 40 
s 37 38 42 41 
r 10 9 14 15 
r 17 18 23 22 
r 22 23 28 27 
r 32 33 38 37 

#input path
0 0
0.0742011535921146 0
0.148402307184231 0
0.222603460776346 0
0.29680461436846 0
0.371005781759504 0
0.445206921552691 0
0.519408088943735 0
0.593609228736922 0
0.66781036853011 0
0.742011563519009 0
0.816212703312196 0
0.890413843105383 0
0.964615038094282 0
1.03881617788747 0
1.11301731768066 0
1.18721845747384 0
1.26141959726703 0
1.33562073706022 0
1.40982187685341 0
1.44692244675 -0.0371006802880174
1.44692244675 -0.111301820081205
1.44692244675 -0.185502959874392
1.44692244675 -0.259704099667579
1.44692244675 -0.333905239460766
1.44692244675 -0.408106489645377
1.44692244675 -0.482307629438564
1.44692244675 -0.556508769231751
1.44692244675 -0.630709909024938
1.44692244675 -0.704911048818125
1.44692244675 -0.779112188611312
1.44692244675 -0.853313328404499
1.44692244675 -0.92751446819769
1.44692244675 -1.00171560799088
1.44692244675 -1.07591674778406
1.44692244675 -1.15011788757725
1.44692244675 -1.22431902737044
1.44692244675 -1.29852016716363
1.44692244675 -1.37272130695681
1.44692244675 -1.44692244675

#output path

#tracing points
0 8
4 8
2 0
0 0
